0,0,120,360
8,0,128,360
31,0,151,360
52,0,172,360
73,0,193,360
92,0,212,360
110,0,230,360
128,0,248,360
144,0,264,360
159,0,279,360
174,0,294,360
187,0,307,360
199,0,319,360
210,0,330,360
221,0,341,360
230,-358,350,360
239,-355,359,360
246,-352,366,360
253,-349,373,360
259,-347,379,360
264,-344,384,360
269,-342,389,360
272,-340,392,360
274,-338,394,360
275,-336,395,360
275,-334,395,360
274,-332,394,360
270,-330,390,360
264,-328,384,360
254,-328,374,360
240,-329,360,360
226,-331,346,360
210,-334,330,360
196,-338,316,360
182,-341,302,360
171,-345,291,360
162,-350,282,360
155,-354,275,360
152,-358,272,360
152,0,272,360
154,0,274,360
159,0,279,360
165,0,285,360
174,0,294,360
183,0,303,360
194,0,314,360
205,0,325,360
216,0,336,360
227,0,347,360
238,0,358,360
248,0,368,360
259,0,379,360
269,-357,389,360
279,-353,399,360
289,-349,409,360
298,-344,418,360
307,-340,427,360
316,-336,436,360
324,-332,444,360
331,-329,451,360
338,-326,458,360
344,-323,464,360
349,-322,469,360
353,-320,473,360
356,-320,476,360
359,-320,479,360
360,-321,480,360
361,-322,481,360
361,-323,481,360
362,-325,482,360
361,-327,481,360
361,-329,481,360
362,-331,482,360
362,-333,482,360
364,-335,484,360
366,-336,486,360
369,-338,489,360
372,-339,492,360
377,-339,497,360
382,-340,502,360
388,-340,508,360
395,-340,515,360
401,-340,521,360
408,-340,528,360
415,-340,535,360
421,-340,541,360
426,-340,546,360
430,-340,550,360
434,-339,554,360
436,-339,556,360
438,-338,558,360
438,-337,558,360
438,-336,558,360
438,-335,558,360
438,-333,558,360
439,-332,559,360
440,-332,560,360
443,-331,563,360
446,-331,566,360
452,-332,572,360
459,-334,579,360
467,-336,587,360
476,-338,596,360
485,-342,605,360
494,-346,614,360
502,-350,622,360
508,-355,628,360
511,-359,631,360
512,0,632,360
509,0,629,360
502,0,622,360
492,0,612,360
478,0,598,360
460,0,580,360
441,0,561,360
419,0,539,360
396,0,516,360
372,0,492,360
349,0,469,360
326,0,446,360
306,0,426,360
287,0,407,360
271,0,391,360
257,0,377,360
246,0,366,360
238,0,358,360
232,0,352,360
229,0,349,360
228,0,348,360
230,0,350,360
233,0,353,360
238,0,358,360
245,0,365,360
253,0,373,360
263,0,383,360
274,0,394,360
287,-357,407,360
300,-355,420,360
315,-354,435,360
330,-354,450,360
345,-355,465,360
361,-357,481,360
376,0,496,360
391,0,511,360
405,0,525,360
418,0,538,360
429,0,549,360
438,0,558,360
446,0,566,360
451,0,571,360
455,0,575,360
457,0,577,360
457,0,577,360
456,0,576,360
454,0,574,360
452,0,572,360
450,0,570,360
449,0,569,360
448,0,568,360
449,0,569,360
450,0,570,360
452,0,572,360
456,0,576,360
460,0,580,360
463,0,583,360
467,0,587,360
470,0,590,360
471,0,591,360
471,0,591,360
468,0,588,360
464,0,584,360
457,0,577,360
448,-358,568,360
436,-356,556,360
423,-354,543,360
408,-353,528,360
391,-352,511,360
373,-351,493,360
354,-351,474,360
335,-350,455,360
315,-349,435,360
294,-348,414,360
274,-347,394,360
254,-346,374,360
234,-344,354,360
215,-342,335,360
196,-341,316,360
179,-339,299,360
162,-337,282,360
148,-335,268,360
135,-333,255,360
125,-332,245,360
117,-331,237,360
112,-330,232,360
110,-329,230,360
111,-329,231,360
115,-329,235,360
123,-330,243,360
134,-330,254,360
148,-331,268,360
165,-332,285,360
184,-333,304,360
205,-334,325,360
227,-335,347,360
250,-337,370,360
274,-338,394,360
297,-340,417,360
320,-341,440,360
342,-343,462,360
363,-344,483,360
383,-346,503,360
401,-347,521,360
418,-347,538,360
433,-348,553,360
446,-348,566,360
458,-348,578,360
468,-348,588,360
476,-348,596,360
482,-347,602,360
487,-346,607,360
490,-346,610,360
492,-345,612,360
492,-344,612,360
491,-343,611,360
489,-343,609,360
487,-342,607,360
484,-341,604,360
481,-341,601,360
478,-341,598,360
475,-340,595,360
472,-340,592,360
470,-340,590,360
469,-339,589,360
467,-339,587,360
466,-339,586,360
466,-338,586,360
465,-338,585,360
465,-338,585,360
465,-337,585,360
465,-337,585,360
465,-337,585,360
465,-337,585,360
465,-337,585,360
464,-337,584,360
464,-337,584,360
464,-337,584,360
464,-338,584,360
465,-338,585,360
465,-338,585,360
465,-338,585,360
465,-339,585,360
466,-339,586,360
466,-339,586,360
466,-339,586,360
467,-339,587,360
467,-339,587,360
467,-339,587,360
467,-340,587,360
468,-340,588,360
468,-339,588,360
468,-339,588,360
468,-339,588,360
468,-339,588,360
468,-339,588,360
468,-338,588,360
468,-338,588,360
468,-338,588,360
468,-337,588,360
468,-336,588,360
468,-336,588,360
468,-335,588,360
468,-335,588,360
468,-334,588,360
468,-333,588,360
468,-333,588,360
468,-332,588,360
468,-332,588,360
468,-331,588,360
468,-331,588,360
468,-331,588,360
469,-330,589,360
469,-330,589,360
469,-330,589,360
469,-330,589,360
469,-330,589,360
469,-330,589,360
469,-330,589,360
469,-330,589,360
469,-330,589,360
468,-330,588,360
468,-330,588,360
468,-330,588,360
467,-331,587,360
467,-331,587,360
467,-332,587,360
466,-332,586,360
466,-332,586,360
466,-333,586,360
465,-333,585,360
465,-334,585,360
465,-334,585,360
464,-335,584,360
464,-335,584,360
464,-335,584,360
463,-335,583,360
463,-335,583,360
463,-335,583,360
462,-335,582,360
462,-335,582,360
462,-335,582,360
462,-334,582,360
462,-334,582,360
462,-334,582,360
462,-334,582,360
462,-333,582,360
463,-333,583,360
463,-333,583,360
463,-333,583,360
463,-332,583,360
464,-332,584,360
464,-332,584,360
465,-331,585,360
465,-331,585,360
465,-330,585,360
466,-330,586,360
466,-329,586,360
467,-329,587,360
467,-328,587,360
467,-328,587,360
468,-327,588,360
468,-327,588,360
468,-326,588,360
468,-326,588,360
468,-325,588,360
468,-325,588,360
468,-325,588,360
467,-324,587,360
467,-324,587,360
466,-324,586,360
465,-323,585,360
465,-323,585,360
464,-323,584,360
464,-322,584,360
465,-322,585,360
465,-321,585,360
467,-321,587,360
468,-321,588,360
470,-320,590,360
472,-320,592,360
474,-319,594,360
475,-319,595,360
475,-319,595,360
475,-319,595,360
473,-319,593,360
471,-320,591,360
467,-321,587,360
462,-321,582,360
456,-322,576,360
449,-323,569,360
442,-324,562,360
435,-325,555,360
427,-326,547,360
421,-327,541,360
414,-327,534,360
409,-328,529,360
404,-328,524,360
400,-328,520,360
397,-329,517,360
394,-329,514,360
392,-329,512,360
390,-330,510,360
388,-330,508,360
386,-331,506,360
384,-331,504,360
383,-332,503,360
381,-333,501,360
379,-334,499,360
378,-334,498,360
378,-335,498,360
378,-336,498,360
380,-337,500,360
382,-337,502,360
386,-338,506,360
390,-338,510,360
396,-338,516,360
402,-338,522,360
408,-337,528,360
415,-337,535,360
422,-337,542,360
428,-337,548,360
434,-336,554,360
439,-336,559,360
442,-336,562,360
444,-336,564,360
446,-337,566,360
445,-337,565,360
445,-337,565,360
443,-338,563,360
441,-338,561,360
439,-339,559,360
438,-339,558,360
437,-339,557,360
437,-339,557,360
438,-340,558,360
440,-340,560,360
443,-340,563,360
445,-340,565,360
448,-340,568,360
451,-340,571,360
453,-341,573,360
454,-341,574,360
454,-342,574,360
453,-342,573,360
450,-343,570,360
445,-344,565,360
440,-345,560,360
433,-346,553,360
425,-347,545,360
418,-348,538,360
410,-348,530,360
403,-349,523,360
396,-349,516,360
391,-350,511,360
386,-350,506,360
383,-351,503,360
380,-352,500,360
378,-353,498,360
376,-354,496,360
374,-355,494,360
373,-357,493,360
371,-358,491,360
370,-359,490,360
368,0,488,360
367,0,487,360
366,0,486,360
365,0,485,360
364,0,484,360
363,0,483,360
362,0,482,360
362,0,482,360
362,0,482,360
362,0,482,360
362,0,482,360
363,0,483,360
364,0,484,360
365,0,485,360
367,0,487,360
368,0,488,360
370,0,490,360
373,0,493,360
