242,0,362,360
242,0,362,360
242,0,362,360
242,0,362,360
242,0,362,360
242,0,362,360
244,0,364,360
245,0,365,360
249,0,369,360
241,0,361,360
241,0,361,360
242,0,362,360
243,0,363,360
243,0,363,360
244,0,364,360
244,0,364,360
245,0,365,360
245,0,365,360
246,0,366,360
247,0,367,360
247,0,367,360
248,0,368,360
248,0,368,360
248,0,368,360
249,0,369,360
249,0,369,360
250,0,370,360
250,0,370,360
250,0,370,360
251,0,371,360
251,0,371,360
251,0,371,360
252,0,372,360
252,0,372,360
252,0,372,360
252,0,372,360
253,0,373,360
253,0,373,360
253,0,373,360
253,0,373,360
253,0,373,360
253,0,373,360
253,0,373,360
252,0,372,360
252,0,372,360
252,0,372,360
251,0,371,360
251,0,371,360
250,0,370,360
250,0,370,360
249,0,369,360
249,0,369,360
249,0,369,360
248,0,368,360
248,0,368,360
248,0,368,360
248,0,368,360
248,0,368,360
247,0,367,360
247,0,367,360
247,0,367,360
247,0,367,360
247,0,367,360
247,0,367,360
247,0,367,360
247,0,367,360
248,0,368,360
248,0,368,360
248,0,368,360
248,0,368,360
247,0,367,360
247,0,367,360
247,0,367,360
246,0,366,360
246,0,366,360
245,0,365,360
245,0,365,360
244,0,364,360
243,0,363,360
242,0,362,360
241,0,361,360
240,0,360,360
240,0,360,360
239,0,359,360
238,0,358,360
238,0,358,360
237,0,357,360
237,0,357,360
237,0,357,360
237,0,357,360
236,0,356,360
236,0,356,360
236,0,356,360
237,0,357,360
237,0,357,360
237,0,357,360
237,0,357,360
237,0,357,360
237,0,357,360
237,0,357,360
237,0,357,360
238,0,358,360
238,0,358,360
238,0,358,360
238,0,358,360
238,0,358,360
238,0,358,360
238,0,358,360
237,0,357,360
237,0,357,360
237,0,357,360
237,0,357,360
236,0,356,360
236,0,356,360
235,0,355,360
235,0,355,360
235,0,355,360
235,0,355,360
234,0,354,360
235,0,355,360
235,0,355,360
235,0,355,360
235,0,355,360
236,0,356,360
236,0,356,360
236,0,356,360
237,0,357,360
237,0,357,360
238,0,358,360
238,0,358,360
238,0,358,360
238,0,358,360
238,0,358,360
238,0,358,360
239,0,359,360
239,0,359,360
239,0,359,360
239,0,359,360
239,0,359,360
239,0,359,360
239,0,359,360
239,0,359,360
240,0,360,360
240,0,360,360
240,0,360,360
240,0,360,360
241,0,361,360
241,0,361,360
241,0,361,360
242,0,362,360
242,0,362,360
243,0,363,360
243,0,363,360
244,0,364,360
245,0,365,360
246,0,366,360
246,0,366,360
247,0,367,360
248,0,368,360
248,0,368,360
249,0,369,360
250,0,370,360
250,0,370,360
250,0,370,360
250,0,370,360
250,0,370,360
250,0,370,360
250,0,370,360
250,0,370,360
249,0,369,360
249,0,369,360
248,0,368,360
248,0,368,360
247,0,367,360
247,0,367,360
247,0,367,360
247,0,367,360
247,0,367,360
247,0,367,360
247,0,367,360
247,0,367,360
247,0,367,360
248,0,368,360
248,0,368,360
248,0,368,360
249,0,369,360
250,0,370,360
250,0,370,360
251,0,371,360
251,0,371,360
252,0,372,360
253,0,373,360
253,0,373,360
254,0,374,360
254,0,374,360
254,0,374,360
255,0,375,360
255,0,375,360
255,0,375,360
255,0,375,360
254,0,374,360
254,0,374,360
253,0,373,360
253,0,373,360
252,0,372,360
251,0,371,360
250,0,370,360
249,0,369,360
247,0,367,360
246,0,366,360
244,0,364,360
243,0,363,360
242,0,362,360
240,0,360,360
239,0,359,360
238,0,358,360
237,0,357,360
236,0,356,360
235,0,355,360
234,0,354,360
234,0,354,360
234,0,354,360
233,0,353,360
233,0,353,360
234,0,354,360
234,0,354,360
234,0,354,360
235,0,355,360
236,0,356,360
236,0,356,360
237,0,357,360
238,0,358,360
239,0,359,360
240,0,360,360
241,0,361,360
243,0,363,360
244,0,364,360
245,0,365,360
246,0,366,360
247,0,367,360
249,0,369,360
250,0,370,360
250,0,370,360
251,0,371,360
252,0,372,360
252,0,372,360
253,0,373,360
253,0,373,360
252,0,372,360
252,0,372,360
251,0,371,360
251,0,371,360
250,0,370,360
249,0,369,360
248,0,368,360
246,0,366,360
245,0,365,360
244,0,364,360
243,0,363,360
241,0,361,360
240,0,360,360
239,0,359,360
238,0,358,360
238,0,358,360
237,0,357,360
237,0,357,360
236,0,356,360
236,0,356,360
236,0,356,360
237,0,357,360
237,0,357,360
238,0,358,360
238,0,358,360
239,0,359,360
240,0,360,360
241,0,361,360
242,0,362,360
244,0,364,360
245,0,365,360
246,0,366,360
247,0,367,360
248,0,368,360
250,0,370,360
251,0,371,360
251,0,371,360
252,0,372,360
253,0,373,360
253,0,373,360
253,0,373,360
253,0,373,360
253,0,373,360
253,0,373,360
253,0,373,360
252,0,372,360
252,0,372,360
251,0,371,360
250,0,370,360
250,0,370,360
249,0,369,360
249,0,369,360
248,0,368,360
248,0,368,360
247,0,367,360
247,0,367,360
246,0,366,360
246,0,366,360
245,0,365,360
245,0,365,360
244,0,364,360
244,0,364,360
243,0,363,360
243,0,363,360
242,0,362,360
242,0,362,360
241,0,361,360
241,0,361,360
240,0,360,360
240,0,360,360
239,0,359,360
238,0,358,360
238,0,358,360
237,0,357,360
237,0,357,360
236,0,356,360
236,0,356,360
235,0,355,360
235,0,355,360
234,0,354,360
233,0,353,360
233,0,353,360
233,0,353,360
232,0,352,360
232,0,352,360
232,0,352,360
232,0,352,360
232,0,352,360
232,0,352,360
232,0,352,360
233,0,353,360
234,0,354,360
235,0,355,360
236,0,356,360
237,0,357,360
238,0,358,360
239,0,359,360
239,0,359,360
240,0,360,360
241,0,361,360
242,0,362,360
242,0,362,360
243,0,363,360
243,0,363,360
244,0,364,360
245,0,365,360
245,0,365,360
246,0,366,360
246,0,366,360
247,0,367,360
247,0,367,360
248,0,368,360
249,0,369,360
249,0,369,360
249,0,369,360
250,0,370,360
250,0,370,360
251,0,371,360
251,0,371,360
251,0,371,360
228,0,348,360
229,0,349,360
229,0,349,360
230,0,350,360
231,0,351,360
231,0,351,360
232,0,352,360
233,0,353,360
233,0,353,360
234,0,354,360
234,0,354,360
235,0,355,360
235,0,355,360
236,0,356,360
236,0,356,360
237,0,357,360
237,0,357,360
238,0,358,360
238,0,358,360
238,0,358,360
239,0,359,360
239,0,359,360
239,0,359,360
240,0,360,360
240,0,360,360
240,0,360,360
240,0,360,360
241,0,361,360
241,0,361,360
241,0,361,360
241,0,361,360
241,0,361,360
241,0,361,360
240,0,360,360
240,0,360,360
240,0,360,360
240,0,360,360
239,0,359,360
239,0,359,360
239,0,359,360
239,0,359,360
239,0,359,360
239,0,359,360
239,0,359,360
240,0,360,360
240,0,360,360
240,0,360,360
241,0,361,360
241,0,361,360
242,0,362,360
243,0,363,360
243,0,363,360
244,0,364,360
245,0,365,360
246,0,366,360
246,0,366,360
247,0,367,360
248,0,368,360
249,0,369,360
250,0,370,360
250,0,370,360
251,0,371,360
252,0,372,360
253,0,373,360
254,0,374,360
255,0,375,360
256,0,376,360
257,0,377,360
259,0,379,360
260,0,380,360
261,0,381,360
262,0,382,360
263,0,383,360
264,0,384,360
266,0,386,360
267,0,387,360
268,0,388,360
270,0,390,360
271,0,391,360
272,0,392,360
