44,0,164,360
44,0,164,360
43,0,163,360
43,0,163,360
43,0,163,360
43,0,163,360
43,0,163,360
44,0,164,360
44,0,164,360
45,0,165,360
46,0,166,360
47,0,167,360
48,0,168,360
50,0,170,360
51,0,171,360
53,0,173,360
55,0,175,360
57,0,177,360
59,0,179,360
62,0,182,360
64,0,184,360
67,0,187,360
70,0,190,360
73,0,193,360
76,0,196,360
79,0,199,360
83,0,203,360
87,0,207,360
91,0,211,360
95,0,215,360
99,0,219,360
103,0,223,360
107,0,227,360
111,0,231,360
116,0,236,360
120,0,240,360
124,0,244,360
129,0,249,360
133,0,253,360
138,0,258,360
143,0,263,360
148,0,268,360
153,0,273,360
158,0,278,360
163,0,283,360
168,0,288,360
174,0,294,360
179,0,299,360
184,0,304,360
189,0,309,360
194,0,314,360
200,0,320,360
205,0,325,360
210,0,330,360
215,0,335,360
221,0,341,360
226,0,346,360
231,0,351,360
236,0,356,360
241,0,361,360
246,0,366,360
251,0,371,360
256,0,376,360
261,0,381,360
265,0,385,360
270,0,390,360
274,0,394,360
278,0,398,360
282,0,402,360
285,0,405,360
289,0,409,360
292,0,412,360
296,0,416,360
299,0,419,360
302,0,422,360
304,0,424,360
307,0,427,360
309,0,429,360
312,0,432,360
314,0,434,360
316,0,436,360
318,0,438,360
319,0,439,360
321,0,441,360
322,0,442,360
323,0,443,360
324,0,444,360
325,0,445,360
326,0,446,360
327,0,447,360
327,0,447,360
328,0,448,360
328,0,448,360
328,0,448,360
328,0,448,360
327,0,447,360
327,0,447,360
327,0,447,360
326,0,446,360
326,0,446,360
325,0,445,360
324,0,444,360
324,0,444,360
323,0,443,360
323,0,443,360
322,0,442,360
322,0,442,360
322,0,442,360
321,0,441,360
321,0,441,360
321,0,441,360
321,0,441,360
322,0,442,360
322,0,442,360
323,0,443,360
324,0,444,360
325,0,445,360
326,0,446,360
327,0,447,360
328,0,448,360
330,0,450,360
331,0,451,360
333,0,453,360
335,0,455,360
336,0,456,360
338,0,458,360
340,0,460,360
341,0,461,360
343,0,463,360
344,0,464,360
345,0,465,360
347,0,467,360
348,0,468,360
349,0,469,360
351,0,471,360
352,0,472,360
353,0,473,360
354,0,474,360
356,0,476,360
357,0,477,360
358,0,478,360
359,0,479,360
360,0,480,360
362,0,482,360
363,0,483,360
364,0,484,360
365,0,485,360
366,0,486,360
367,0,487,360
368,0,488,360
369,0,489,360
369,0,489,360
370,0,490,360
371,0,491,360
371,0,491,360
372,0,492,360
373,0,493,360
373,0,493,360
373,0,493,360
373,0,493,360
374,0,494,360
374,0,494,360
374,0,494,360
373,0,493,360
373,0,493,360
373,0,493,360
373,0,493,360
373,0,493,360
372,0,492,360
372,0,492,360
372,0,492,360
372,0,492,360
372,0,492,360
372,0,492,360
371,0,491,360
371,0,491,360
371,0,491,360
371,0,491,360
371,0,491,360
370,0,490,360
370,0,490,360
369,0,489,360
369,0,489,360
368,0,488,360
367,0,487,360
366,0,486,360
365,0,485,360
364,0,484,360
363,0,483,360
361,0,481,360
360,0,480,360
359,0,479,360
358,0,478,360
356,0,476,360
355,0,475,360
355,0,475,360
354,0,474,360
353,0,473,360
353,0,473,360
352,0,472,360
352,0,472,360
352,0,472,360
352,0,472,360
352,0,472,360
353,0,473,360
353,0,473,360
354,0,474,360
354,0,474,360
355,0,475,360
356,0,476,360
356,0,476,360
357,0,477,360
358,0,478,360
359,0,479,360
359,0,479,360
360,0,480,360
360,0,480,360
360,0,480,360
360,0,480,360
360,0,480,360
360,0,480,360
359,0,479,360
359,0,479,360
358,0,478,360
358,0,478,360
357,0,477,360
356,0,476,360
356,0,476,360
355,0,475,360
354,0,474,360
354,0,474,360
354,0,474,360
353,0,473,360
353,0,473,360
353,0,473,360
353,0,473,360
352,0,472,360
352,0,472,360
352,0,472,360
352,0,472,360
352,0,472,360
352,0,472,360
351,0,471,360
351,0,471,360
351,0,471,360
350,0,470,360
350,0,470,360
349,0,469,360
348,0,468,360
348,0,468,360
347,0,467,360
346,0,466,360
346,0,466,360
345,0,465,360
344,0,464,360
343,0,463,360
342,0,462,360
341,0,461,360
341,0,461,360
340,0,460,360
339,0,459,360
338,0,458,360
337,0,457,360
336,0,456,360
335,0,455,360
334,0,454,360
334,0,454,360
333,0,453,360
332,0,452,360
332,0,452,360
331,0,451,360
330,0,450,360
330,0,450,360
329,0,449,360
329,0,449,360
328,0,448,360
328,0,448,360
327,0,447,360
327,0,447,360
326,0,446,360
326,0,446,360
325,0,445,360
325,0,445,360
324,0,444,360
324,0,444,360
323,0,443,360
323,0,443,360
322,0,442,360
321,0,441,360
321,0,441,360
320,0,440,360
319,0,439,360
319,0,439,360
318,0,438,360
317,0,437,360
316,0,436,360
315,0,435,360
314,0,434,360
313,0,433,360
312,0,432,360
311,0,431,360
309,0,429,360
308,0,428,360
307,0,427,360
305,0,425,360
304,0,424,360
302,0,422,360
301,0,421,360
299,0,419,360
298,0,418,360
297,0,417,360
296,0,416,360
295,0,415,360
294,0,414,360
294,0,414,360
293,0,413,360
293,0,413,360
292,0,412,360
292,0,412,360
292,0,412,360
292,0,412,360
292,0,412,360
292,0,412,360
293,0,413,360
293,0,413,360
294,0,414,360
294,0,414,360
295,0,415,360
295,0,415,360
296,0,416,360
297,0,417,360
297,0,417,360
297,0,417,360
298,0,418,360
298,0,418,360
298,0,418,360
298,0,418,360
298,0,418,360
298,0,418,360
299,0,419,360
299,0,419,360
299,0,419,360
300,0,420,360
301,0,421,360
302,0,422,360
303,0,423,360
304,0,424,360
306,0,426,360
307,0,427,360
309,0,429,360
310,0,430,360
311,0,431,360
313,0,433,360
314,0,434,360
314,0,434,360
315,0,435,360
316,0,436,360
316,0,436,360
316,0,436,360
316,0,436,360
316,0,436,360
315,0,435,360
315,0,435,360
314,0,434,360
313,0,433,360
313,0,433,360
312,0,432,360
311,0,431,360
310,0,430,360
309,0,429,360
309,0,429,360
308,0,428,360
307,0,427,360
306,0,426,360
306,0,426,360
306,0,426,360
306,0,426,360
306,0,426,360
306,0,426,360
307,0,427,360
307,0,427,360
308,0,428,360
310,0,430,360
311,0,431,360
312,0,432,360
313,0,433,360
315,0,435,360
316,0,436,360
317,0,437,360
318,0,438,360
319,0,439,360
320,0,440,360
321,0,441,360
322,0,442,360
323,0,443,360
324,0,444,360
325,0,445,360
326,0,446,360
327,0,447,360
328,0,448,360
329,0,449,360
331,0,451,360
333,0,453,360
334,0,454,360
336,0,456,360
338,0,458,360
340,0,460,360
343,0,463,360
345,0,465,360
347,0,467,360
349,0,469,360
351,0,471,360
353,0,473,360
355,0,475,360
357,0,477,360
359,0,479,360
360,0,480,360
361,0,481,360
363,0,483,360
364,0,484,360
364,0,484,360
365,0,485,360
366,0,486,360
366,0,486,360
367,0,487,360
367,0,487,360
368,0,488,360
368,0,488,360
368,0,488,360
368,0,488,360
368,0,488,360
368,0,488,360
368,0,488,360
368,0,488,360
368,0,488,360
368,0,488,360
367,0,487,360
367,0,487,360
367,0,487,360
367,0,487,360
367,0,487,360
368,0,488,360
368,0,488,360
368,0,488,360
368,0,488,360
368,0,488,360
368,0,488,360
368,0,488,360
368,0,488,360
368,0,488,360
367,0,487,360
367,0,487,360
366,0,486,360
366,0,486,360
365,0,485,360
365,0,485,360
365,0,485,360
364,0,484,360
364,0,484,360
365,0,485,360
365,0,485,360
365,0,485,360
366,0,486,360
367,0,487,360
368,0,488,360
369,0,489,360
370,0,490,360
371,0,491,360
372,0,492,360
373,0,493,360
374,0,494,360
375,0,495,360
377,0,497,360
378,0,498,360
379,0,499,360
381,0,501,360
382,0,502,360
383,0,503,360
385,0,505,360
386,0,506,360
387,0,507,360
388,0,508,360
389,0,509,360
389,0,509,360
390,0,510,360
390,0,510,360
390,0,510,360
390,0,510,360
389,0,509,360
389,0,509,360
388,0,508,360
388,0,508,360
387,0,507,360
386,0,506,360
385,0,505,360
384,0,504,360
383,0,503,360
382,0,502,360
380,0,500,360
379,0,499,360
378,0,498,360
377,0,497,360
376,0,496,360
374,0,494,360
373,0,493,360
372,0,492,360
371,0,491,360
370,0,490,360
369,0,489,360
368,0,488,360
367,0,487,360
366,0,486,360
365,0,485,360
365,0,485,360
364,0,484,360
363,0,483,360
363,0,483,360
362,0,482,360
362,0,482,360
361,0,481,360
361,0,481,360
361,0,481,360
361,0,481,360
361,0,481,360
361,0,481,360
361,0,481,360
361,0,481,360
361,0,481,360
362,0,482,360
362,0,482,360
362,0,482,360
362,0,482,360
362,0,482,360
363,0,483,360
363,0,483,360
363,0,483,360
363,0,483,360
363,0,483,360
363,0,483,360
364,0,484,360
364,0,484,360
365,0,485,360
365,0,485,360
366,0,486,360
367,0,487,360
368,0,488,360
369,0,489,360
370,0,490,360
371,0,491,360
372,0,492,360
372,0,492,360
373,0,493,360
374,0,494,360
374,0,494,360
374,0,494,360
374,0,494,360
374,0,494,360
374,0,494,360
374,0,494,360
374,0,494,360
373,0,493,360
372,0,492,360
372,0,492,360
371,0,491,360
370,0,490,360
369,0,489,360
367,0,487,360
366,0,486,360
365,0,485,360
363,0,483,360
362,0,482,360
360,0,480,360
359,0,479,360
357,0,477,360
356,0,476,360
355,0,475,360
353,0,473,360
352,0,472,360
351,0,471,360
350,0,470,360
349,0,469,360
348,0,468,360
348,0,468,360
347,0,467,360
347,0,467,360
346,0,466,360
346,0,466,360
345,0,465,360
345,0,465,360
345,0,465,360
344,0,464,360
344,0,464,360
343,0,463,360
343,0,463,360
342,0,462,360
342,0,462,360
342,0,462,360
341,0,461,360
341,0,461,360
341,0,461,360
340,0,460,360
340,0,460,360
340,0,460,360
340,0,460,360
340,0,460,360
339,0,459,360
339,0,459,360
339,0,459,360
338,0,458,360
338,0,458,360
337,0,457,360
337,0,457,360
336,0,456,360
335,0,455,360
335,0,455,360
334,0,454,360
333,0,453,360
332,0,452,360
331,0,451,360
330,0,450,360
329,0,449,360
328,0,448,360
328,0,448,360
327,0,447,360
326,0,446,360
325,0,445,360
325,0,445,360
324,0,444,360
323,0,443,360
322,0,442,360
322,0,442,360
321,0,441,360
321,0,441,360
320,0,440,360
319,0,439,360
319,0,439,360
318,0,438,360
317,0,437,360
317,0,437,360
316,0,436,360
316,0,436,360
315,0,435,360
315,0,435,360
314,0,434,360
314,0,434,360
314,0,434,360
