0,9,640,222
0,12,640,225
0,16,640,229
0,20,640,233
0,23,640,236
0,27,640,240
0,31,640,244
0,34,640,247
0,38,640,251
0,41,640,254
0,45,640,258
0,48,640,261
0,52,640,265
0,55,640,268
0,58,640,271
0,61,640,274
0,64,640,277
0,67,640,280
0,70,640,283
0,73,640,286
0,76,640,289
0,78,640,291
0,81,640,294
0,84,640,297
0,87,640,300
0,90,640,303
0,93,640,306
0,96,640,309
0,100,640,313
0,103,640,316
0,106,640,319
0,108,640,321
0,111,640,324
0,113,640,326
0,115,640,328
0,116,640,329
0,116,640,329
0,116,640,329
0,115,640,328
0,114,640,327
0,111,640,324
0,109,640,322
0,106,640,319
0,103,640,316
0,100,640,313
0,97,640,310
0,94,640,307
0,90,640,303
0,87,640,300
0,83,640,296
0,80,640,293
0,76,640,289
0,71,640,284
0,66,640,279
0,61,640,274
0,55,640,268
0,49,640,262
0,43,640,256
0,36,640,249
0,30,640,243
0,23,640,236
0,17,640,230
0,12,640,225
0,8,640,221
0,4,640,217
0,1,640,214
0,0,640,213
0,0,640,213
0,0,640,213
0,0,640,213
0,0,640,213
0,0,640,213
0,0,640,213
0,1,640,214
0,2,640,215
0,3,640,216
0,4,640,217
0,4,640,217
0,5,640,218
0,5,640,218
0,5,640,218
0,5,640,218
0,6,640,219
0,6,640,219
0,6,640,219
0,6,640,219
0,6,640,219
0,7,640,220
0,7,640,220
0,7,640,220
0,7,640,220
0,7,640,220
0,7,640,220
0,7,640,220
0,6,640,219
0,6,640,219
0,5,640,218
0,5,640,218
0,4,640,217
0,4,640,217
0,3,640,216
0,2,640,215
0,2,640,215
0,1,640,214
0,1,640,214
0,1,640,214
0,1,640,214
0,1,640,214
0,1,640,214
0,1,640,214
0,2,640,215
0,2,640,215
0,3,640,216
0,4,640,217
0,5,640,218
0,6,640,219
0,8,640,221
0,9,640,222
0,11,640,224
0,12,640,225
0,14,640,227
0,16,640,229
0,17,640,230
0,19,640,232
0,21,640,234
0,22,640,235
0,24,640,237
0,25,640,238
0,26,640,239
0,28,640,241
0,29,640,242
0,30,640,243
0,31,640,244
0,31,640,244
0,32,640,245
0,33,640,246
0,33,640,246
0,33,640,246
0,33,640,246
0,33,640,246
0,32,640,245
0,32,640,245
0,31,640,244
0,30,640,243
0,29,640,242
0,28,640,241
0,27,640,240
0,26,640,239
0,26,640,239
0,26,640,239
0,26,640,239
0,27,640,240
0,28,640,241
0,30,640,243
0,32,640,245
0,35,640,248
0,39,640,252
0,43,640,256
0,47,640,260
0,52,640,265
0,57,640,270
0,63,640,276
0,68,640,281
0,74,640,287
0,80,640,293
0,86,640,299
0,92,640,305
0,99,640,312
0,105,640,318
0,111,640,324
0,118,640,331
0,124,640,337
0,130,640,343
0,136,640,349
0,142,640,355
0,147,640,360
0,-62,640,360
0,-58,640,360
0,-56,640,360
0,-54,640,360
0,-54,640,360
0,-55,640,360
0,-57,640,360
0,-61,640,360
0,-65,640,360
0,143,640,356
0,137,640,350
0,131,640,344
0,124,640,337
0,117,640,330
0,110,640,323
0,103,640,316
0,96,640,309
0,89,640,302
0,82,640,295
0,75,640,288
0,68,640,281
0,62,640,275
0,56,640,269
0,50,640,263
0,44,640,257
0,39,640,252
0,35,640,248
0,30,640,243
0,27,640,240
0,24,640,237
0,22,640,235
0,21,640,234
0,20,640,233
0,20,640,233
0,20,640,233
0,21,640,234
0,23,640,236
0,25,640,238
0,26,640,239
0,28,640,241
0,30,640,243
0,31,640,244
0,33,640,246
0,33,640,246
0,34,640,247
0,34,640,247
0,34,640,247
0,34,640,247
0,33,640,246
0,33,640,246
0,33,640,246
0,32,640,245
0,32,640,245
0,32,640,245
0,32,640,245
0,32,640,245
0,33,640,246
0,33,640,246
0,33,640,246
0,32,640,245
0,32,640,245
0,32,640,245
0,31,640,244
0,30,640,243
0,29,640,242
0,29,640,242
0,28,640,241
0,28,640,241
0,29,640,242
0,30,640,243
0,31,640,244
0,33,640,246
0,35,640,248
0,38,640,251
0,41,640,254
0,45,640,258
0,48,640,261
0,52,640,265
0,55,640,268
0,58,640,271
0,61,640,274
0,64,640,277
0,66,640,279
0,68,640,281
0,69,640,282
0,70,640,283
0,71,640,284
0,72,640,285
0,72,640,285
0,71,640,284
0,71,640,284
0,70,640,283
0,68,640,281
0,67,640,280
0,65,640,278
0,62,640,275
0,59,640,272
0,56,640,269
0,53,640,266
0,49,640,262
0,46,640,259
0,42,640,255
0,39,640,252
0,35,640,248
0,33,640,246
0,30,640,243
0,28,640,241
0,27,640,240
0,26,640,239
0,26,640,239
0,26,640,239
0,27,640,240
0,28,640,241
0,29,640,242
0,31,640,244
0,32,640,245
0,33,640,246
0,34,640,247
0,35,640,248
0,35,640,248
0,36,640,249
0,36,640,249
0,37,640,250
0,37,640,250
0,38,640,251
0,38,640,251
0,38,640,251
0,39,640,252
0,40,640,253
0,40,640,253
0,41,640,254
0,41,640,254
0,41,640,254
0,41,640,254
0,41,640,254
0,41,640,254
0,41,640,254
0,40,640,253
0,40,640,253
0,39,640,252
0,38,640,251
0,37,640,250
0,35,640,248
0,34,640,247
0,33,640,246
0,31,640,244
0,30,640,243
0,29,640,242
0,27,640,240
0,26,640,239
0,24,640,237
0,23,640,236
0,22,640,235
0,20,640,233
0,19,640,232
0,18,640,231
0,17,640,230
0,16,640,229
0,15,640,228
0,14,640,227
0,13,640,226
0,13,640,226
0,12,640,225
0,12,640,225
0,11,640,224
0,11,640,224
0,11,640,224
0,11,640,224
0,11,640,224
0,11,640,224
0,11,640,224
0,11,640,224
0,11,640,224
0,11,640,224
0,11,640,224
0,11,640,224
0,11,640,224
0,11,640,224
0,11,640,224
0,11,640,224
0,11,640,224
0,11,640,224
0,11,640,224
0,11,640,224
0,11,640,224
0,11,640,224
0,11,640,224
0,11,640,224
0,11,640,224
0,11,640,224
0,11,640,224
0,11,640,224
0,11,640,224
0,12,640,225
0,12,640,225
0,12,640,225
0,12,640,225
0,12,640,225
0,12,640,225
0,13,640,226
0,13,640,226
