173,0,293,360
165,0,285,360
158,0,278,360
151,0,271,360
145,0,265,360
139,0,259,360
135,0,255,360
130,0,250,360
127,0,247,360
124,0,244,360
122,0,242,360
121,0,241,360
120,0,240,360
120,-359,240,360
120,-357,240,360
121,-355,241,360
123,-354,243,360
125,-353,245,360
128,-352,248,360
132,-352,252,360
136,-352,256,360
141,-352,261,360
146,-352,266,360
152,-353,272,360
158,-354,278,360
165,-356,285,360
173,-358,293,360
182,0,302,360
193,0,313,360
205,0,325,360
220,0,340,360
234,0,354,360
247,0,367,360
259,0,379,360
269,0,389,360
277,0,397,360
283,0,403,360
287,0,407,360
289,0,409,360
289,0,409,360
287,0,407,360
283,0,403,360
278,0,398,360
270,0,390,360
260,0,380,360
248,0,368,360
234,0,354,360
218,-358,338,360
200,-349,320,360
181,-339,301,360
160,-329,280,360
139,-319,259,360
118,-309,238,360
97,-299,217,360
78,-290,198,360
59,-281,179,360
44,-274,164,360
30,-269,150,360
20,-264,140,360
14,-262,134,360
11,-260,131,360
11,-260,131,360
15,-262,135,360
22,-265,142,360
32,-268,152,360
44,-272,164,360
58,-277,178,360
74,-282,194,360
91,-288,211,360
110,-293,230,360
129,-298,249,360
148,-303,268,360
169,-308,289,360
189,-313,309,360
210,-318,330,360
232,-322,352,360
253,-326,373,360
275,-331,395,360
296,-335,416,360
317,-339,437,360
338,-342,458,360
357,-345,477,360
376,-348,496,360
393,-351,513,360
409,-353,529,360
423,-355,543,360
435,-356,555,360
445,-357,565,360
452,-357,572,360
458,-357,578,360
462,-357,582,360
463,-356,583,360
464,-355,584,360
463,-353,583,360
460,-352,580,360
457,-351,577,360
454,-350,574,360
450,-349,570,360
447,-348,567,360
443,-348,563,360
440,-347,560,360
437,-347,557,360
435,-348,555,360
433,-348,553,360
431,-349,551,360
430,-350,550,360
429,-351,549,360
428,-352,548,360
428,-353,548,360
428,-354,548,360
427,-355,547,360
427,-356,547,360
428,-358,548,360
428,-359,548,360
428,0,548,360
429,0,549,360
430,0,550,360
431,0,551,360
432,0,552,360
433,0,553,360
435,0,555,360
436,0,556,360
437,0,557,360
439,0,559,360
440,0,560,360
442,0,562,360
443,0,563,360
444,0,564,360
446,0,566,360
447,0,567,360
449,0,569,360
450,0,570,360
452,0,572,360
453,0,573,360
454,0,574,360
456,0,576,360
457,0,577,360
458,0,578,360
459,0,579,360
460,0,580,360
461,0,581,360
462,0,582,360
463,0,583,360
464,0,584,360
465,0,585,360
466,0,586,360
467,0,587,360
467,0,587,360
468,0,588,360
469,0,589,360
469,0,589,360
470,0,590,360
470,0,590,360
470,0,590,360
471,0,591,360
471,0,591,360
471,0,591,360
471,0,591,360
470,0,590,360
470,0,590,360
469,0,589,360
469,0,589,360
468,0,588,360
467,0,587,360
466,0,586,360
465,0,585,360
464,0,584,360
463,0,583,360
462,0,582,360
461,0,581,360
459,0,579,360
458,0,578,360
456,0,576,360
455,0,575,360
453,0,573,360
452,0,572,360
450,0,570,360
449,0,569,360
447,0,567,360
446,-359,566,360
444,-358,564,360
443,-357,563,360
441,-356,561,360
440,-355,560,360
439,-355,559,360
438,-354,558,360
437,-353,557,360
436,-352,556,360
435,-352,555,360
434,-351,554,360
434,-351,554,360
433,-351,553,360
433,-351,553,360
433,-351,553,360
433,-352,553,360
433,-352,553,360
434,-353,554,360
434,-353,554,360
434,-354,554,360
434,-354,554,360
434,-355,554,360
433,-355,553,360
433,-355,553,360
432,-355,552,360
432,-355,552,360
431,-355,551,360
430,-354,550,360
428,-354,548,360
427,-353,547,360
425,-353,545,360
423,-352,543,360
421,-351,541,360
419,-350,539,360
416,-348,536,360
413,-347,533,360
411,-346,531,360
408,-344,528,360
405,-342,525,360
402,-341,522,360
400,-339,520,360
397,-338,517,360
395,-336,515,360
394,-335,514,360
393,-334,513,360
392,-333,512,360
393,-333,513,360
394,-333,514,360
395,-333,515,360
398,-334,518,360
400,-334,520,360
404,-336,524,360
408,-337,528,360
412,-339,532,360
417,-341,537,360
422,-343,542,360
427,-345,547,360
432,-347,552,360
437,-349,557,360
442,-351,562,360
448,-353,568,360
453,-354,573,360
457,-356,577,360
462,-357,582,360
467,-358,587,360
471,-359,591,360
475,0,595,360
478,0,598,360
481,0,601,360
483,0,603,360
485,0,605,360
487,0,607,360
488,0,608,360
488,0,608,360
488,0,608,360
488,0,608,360
488,0,608,360
487,0,607,360
487,0,607,360
486,-359,606,360
485,-359,605,360
484,-359,604,360
484,-358,604,360
483,-358,603,360
483,-358,603,360
483,-357,603,360
483,-357,603,360
482,-357,602,360
482,-357,602,360
482,-357,602,360
482,-356,602,360
482,-356,602,360
481,-356,601,360
481,-355,601,360
481,-354,601,360
480,-353,600,360
480,-352,600,360
480,-351,600,360
479,-350,599,360
479,-349,599,360
478,-347,598,360
478,-346,598,360
478,-345,598,360
478,-344,598,360
478,-343,598,360
477,-342,597,360
477,-342,597,360
477,-341,597,360
477,-341,597,360
477,-341,597,360
477,-341,597,360
477,-341,597,360
477,-341,597,360
477,-341,597,360
477,-342,597,360
477,-342,597,360
477,-342,597,360
478,-342,598,360
478,-343,598,360
478,-343,598,360
479,-343,599,360
479,-343,599,360
480,-343,600,360
480,-343,600,360
480,-343,600,360
481,-343,601,360
481,-343,601,360
481,-343,601,360
481,-343,601,360
481,-343,601,360
482,-343,602,360
482,-344,602,360
482,-344,602,360
482,-344,602,360
482,-344,602,360
482,-344,602,360
483,-343,603,360
483,-343,603,360
483,-343,603,360
483,-343,603,360
483,-343,603,360
483,-343,603,360
483,-343,603,360
483,-343,603,360
482,-343,602,360
482,-343,602,360
481,-344,601,360
481,-344,601,360
480,-344,600,360
479,-344,599,360
478,-344,598,360
476,-344,596,360
475,-344,595,360
474,-343,594,360
473,-343,593,360
472,-342,592,360
470,-341,590,360
469,-340,589,360
468,-340,588,360
467,-339,587,360
466,-338,586,360
465,-337,585,360
464,-337,584,360
463,-336,583,360
462,-336,582,360
461,-335,581,360
460,-335,580,360
460,-335,580,360
460,-335,580,360
459,-335,579,360
459,-335,579,360
459,-335,579,360
459,-335,579,360
459,-335,579,360
459,-335,579,360
459,-335,579,360
459,-335,579,360
460,-335,580,360
460,-335,580,360
459,-335,579,360
459,-335,579,360
459,-335,579,360
459,-335,579,360
459,-335,579,360
458,-335,578,360
458,-335,578,360
457,-335,577,360
456,-335,576,360
456,-335,576,360
455,-335,575,360
454,-335,574,360
454,-335,574,360
453,-335,573,360
452,-334,572,360
451,-334,571,360
450,-334,570,360
450,-334,570,360
449,-333,569,360
448,-333,568,360
447,-333,567,360
446,-332,566,360
445,-332,565,360
444,-332,564,360
444,-332,564,360
443,-331,563,360
442,-331,562,360
442,-331,562,360
441,-330,561,360
440,-330,560,360
440,-330,560,360
439,-329,559,360
439,-329,559,360
438,-329,558,360
438,-329,558,360
437,-328,557,360
437,-328,557,360
436,-328,556,360
436,-327,556,360
436,-327,556,360
436,-327,556,360
436,-327,556,360
435,-327,555,360
435,-327,555,360
435,-327,555,360
435,-327,555,360
435,-327,555,360
435,-327,555,360
435,-327,555,360
435,-327,555,360
435,-328,555,360
435,-328,555,360
434,-328,554,360
434,-328,554,360
434,-328,554,360
434,-328,554,360
434,-328,554,360
434,-328,554,360
434,-328,554,360
434,-328,554,360
434,-328,554,360
434,-328,554,360
434,-328,554,360
434,-328,554,360
434,-328,554,360
434,-328,554,360
434,-328,554,360
434,-328,554,360
433,-328,553,360
433,-328,553,360
433,-328,553,360
433,-327,553,360
433,-327,553,360
433,-327,553,360
433,-327,553,360
433,-327,553,360
433,-327,553,360
432,-327,552,360
432,-326,552,360
432,-326,552,360
432,-326,552,360
432,-326,552,360
432,-326,552,360
