30,0,150,360
52,0,172,360
73,0,193,360
93,0,213,360
112,0,232,360
130,0,250,360
148,0,268,360
165,0,285,360
181,0,301,360
196,0,316,360
210,0,330,360
223,0,343,360
236,0,356,360
248,0,368,360
259,0,379,360
270,0,390,360
280,0,400,360
289,0,409,360
298,0,418,360
305,0,425,360
313,0,433,360
319,0,439,360
325,0,445,360
330,0,450,360
334,0,454,360
337,0,457,360
338,0,458,360
339,0,459,360
337,0,457,360
334,0,454,360
331,0,451,360
329,0,449,360
328,0,448,360
326,0,446,360
325,0,445,360
325,0,445,360
325,0,445,360
326,0,446,360
327,0,447,360
328,0,448,360
329,0,449,360
330,0,450,360
330,0,450,360
331,0,451,360
331,0,451,360
332,0,452,360
332,0,452,360
331,0,451,360
331,0,451,360
330,0,450,360
329,0,449,360
329,0,449,360
327,0,447,360
326,0,446,360
325,0,445,360
324,0,444,360
322,0,442,360
321,0,441,360
320,0,440,360
318,0,438,360
317,0,437,360
316,0,436,360
314,0,434,360
313,0,433,360
312,0,432,360
311,0,431,360
310,0,430,360
310,0,430,360
309,0,429,360
308,0,428,360
308,0,428,360
308,0,428,360
307,0,427,360
307,0,427,360
307,0,427,360
307,0,427,360
307,0,427,360
307,-358,427,360
307,-353,427,360
307,-349,427,360
307,-346,427,360
308,-342,428,360
308,-339,428,360
308,-336,428,360
308,-333,428,360
309,-331,429,360
309,-329,429,360
310,-328,430,360
310,-327,430,360
311,-326,431,360
312,-325,432,360
313,-325,433,360
314,-326,434,360
315,-326,435,360
316,-327,436,360
317,-328,437,360
318,-330,438,360
319,-331,439,360
320,-332,440,360
322,-334,442,360
323,-335,443,360
324,-337,444,360
326,-338,446,360
327,-339,447,360
328,-340,448,360
330,-341,450,360
331,-342,451,360
333,-343,453,360
334,-343,454,360
335,-344,455,360
337,-344,457,360
338,-345,458,360
339,-345,459,360
341,-345,461,360
342,-345,462,360
343,-345,463,360
345,-345,465,360
346,-345,466,360
348,-345,468,360
349,-345,469,360
351,-346,471,360
352,-346,472,360
354,-346,474,360
355,-346,475,360
357,-347,477,360
358,-348,478,360
359,-348,479,360
361,-349,481,360
362,-351,482,360
363,-352,483,360
364,-353,484,360
365,-355,485,360
366,-356,486,360
367,-358,487,360
368,0,488,360
369,0,489,360
369,0,489,360
370,0,490,360
371,0,491,360
371,0,491,360
372,0,492,360
372,0,492,360
373,0,493,360
373,0,493,360
373,0,493,360
374,0,494,360
374,0,494,360
374,-357,494,360
374,-355,494,360
374,-352,494,360
374,-349,494,360
374,-346,494,360
374,-343,494,360
374,-340,494,360
373,-336,493,360
373,-333,493,360
372,-329,492,360
371,-325,491,360
370,-321,490,360
368,-317,488,360
367,-313,487,360
365,-309,485,360
363,-306,483,360
361,-302,481,360
358,-298,478,360
355,-295,475,360
353,-291,473,360
350,-288,470,360
347,-285,467,360
344,-282,464,360
340,-280,460,360
337,-278,457,360
334,-276,454,360
331,-275,451,360
328,-274,448,360
326,-274,446,360
323,-273,443,360
320,-274,440,360
317,-274,437,360
314,-275,434,360
311,-277,431,360
308,-279,428,360
305,-281,425,360
302,-283,422,360
299,-286,419,360
296,-290,416,360
293,-293,413,360
290,-297,410,360
288,-302,408,360
286,-306,406,360
284,-310,404,360
282,-315,402,360
281,-319,401,360
279,-324,399,360
279,-328,399,360
278,-332,398,360
278,-336,398,360
278,-340,398,360
279,-343,399,360
279,-346,399,360
279,-349,399,360
280,-351,400,360
281,-353,401,360
281,-355,401,360
282,-356,402,360
282,-357,402,360
283,-358,403,360
283,-359,403,360
283,-359,403,360
284,-359,404,360
284,-359,404,360
284,-359,404,360
284,-359,404,360
284,-359,404,360
284,0,404,360
284,0,404,360
284,0,404,360
284,0,404,360
284,0,404,360
283,0,403,360
283,0,403,360
282,0,402,360
282,0,402,360
282,0,402,360
281,0,401,360
281,0,401,360
281,0,401,360
282,0,402,360
282,0,402,360
283,0,403,360
284,0,404,360
286,0,406,360
287,0,407,360
289,0,409,360
291,0,411,360
293,0,413,360
295,0,415,360
297,0,417,360
299,0,419,360
301,0,421,360
303,0,423,360
304,0,424,360
305,0,425,360
306,0,426,360
306,0,426,360
306,0,426,360
306,0,426,360
305,0,425,360
304,0,424,360
303,0,423,360
302,0,422,360
300,0,420,360
299,0,419,360
297,0,417,360
295,0,415,360
293,0,413,360
291,0,411,360
289,0,409,360
287,0,407,360
285,0,405,360
283,0,403,360
281,0,401,360
279,0,399,360
277,0,397,360
275,0,395,360
273,0,393,360
272,0,392,360
271,0,391,360
270,0,390,360
269,0,389,360
268,0,388,360
268,0,388,360
268,0,388,360
268,0,388,360
268,0,388,360
269,0,389,360
270,0,390,360
271,0,391,360
272,0,392,360
273,0,393,360
275,0,395,360
276,0,396,360
277,0,397,360
278,0,398,360
279,0,399,360
280,0,400,360
281,0,401,360
282,0,402,360
283,0,403,360
284,0,404,360
284,0,404,360
285,0,405,360
285,0,405,360
286,0,406,360
286,0,406,360
286,0,406,360
286,0,406,360
286,0,406,360
286,0,406,360
286,0,406,360
285,0,405,360
285,0,405,360
284,0,404,360
283,0,403,360
283,0,403,360
282,0,402,360
281,0,401,360
280,0,400,360
279,0,399,360
278,0,398,360
278,0,398,360
277,0,397,360
277,0,397,360
277,0,397,360
276,0,396,360
277,0,397,360
277,0,397,360
277,0,397,360
277,0,397,360
278,0,398,360
278,0,398,360
279,0,399,360
279,0,399,360
280,0,400,360
281,0,401,360
281,0,401,360
282,0,402,360
283,0,403,360
283,0,403,360
284,0,404,360
284,0,404,360
284,0,404,360
285,0,405,360
285,0,405,360
284,0,404,360
284,0,404,360
284,0,404,360
283,0,403,360
283,0,403,360
282,0,402,360
281,0,401,360
280,0,400,360
279,0,399,360
278,0,398,360
277,0,397,360
276,0,396,360
275,0,395,360
273,0,393,360
272,0,392,360
271,0,391,360
270,0,390,360
269,0,389,360
268,0,388,360
267,0,387,360
266,0,386,360
264,0,384,360
263,0,383,360
262,0,382,360
260,0,380,360
259,0,379,360
257,0,377,360
255,0,375,360
254,0,374,360
252,0,372,360
250,0,370,360
248,0,368,360
246,0,366,360
244,0,364,360
242,0,362,360
241,0,361,360
239,0,359,360
237,0,357,360
235,0,355,360
233,0,353,360
232,0,352,360
230,0,350,360
228,0,348,360
226,0,346,360
225,0,345,360
223,0,343,360
221,0,341,360
218,0,338,360
216,0,336,360
213,0,333,360
211,0,331,360
207,0,327,360
204,0,324,360
200,0,320,360
196,0,316,360
192,0,312,360
187,0,307,360
182,0,302,360
177,0,297,360
172,0,292,360
167,0,287,360
162,0,282,360
157,0,277,360
153,0,273,360
148,0,268,360
144,0,264,360
141,0,261,360
137,0,257,360
135,0,255,360
133,0,253,360
131,0,251,360
131,0,251,360
131,0,251,360
131,0,251,360
132,0,252,360
134,0,254,360
136,0,256,360
138,0,258,360
141,0,261,360
145,0,265,360
149,0,269,360
153,0,273,360
157,0,277,360
162,0,282,360
166,0,286,360
171,0,291,360
176,0,296,360
181,0,301,360
186,0,306,360
191,0,311,360
197,0,317,360
202,0,322,360
207,0,327,360
211,0,331,360
216,0,336,360
221,0,341,360
225,0,345,360
229,0,349,360
233,0,353,360
236,0,356,360
239,0,359,360
241,0,361,360
243,0,363,360
245,0,365,360
246,0,366,360
247,0,367,360
247,0,367,360
247,0,367,360
247,0,367,360
246,0,366,360
245,0,365,360
243,0,363,360
241,0,361,360
239,0,359,360
236,0,356,360
234,0,354,360
232,0,352,360
230,0,350,360
228,0,348,360
225,0,345,360
223,0,343,360
220,0,340,360
218,0,338,360
215,0,335,360
212,0,332,360
209,0,329,360
206,0,326,360
203,0,323,360
200,0,320,360
197,0,317,360
193,0,313,360
190,0,310,360
186,0,306,360
183,0,303,360
179,0,299,360
175,0,295,360
171,0,291,360
168,0,288,360
164,0,284,360
160,0,280,360
156,0,276,360
151,0,271,360
