257,-337,377,360
256,-337,376,360
255,-338,375,360
255,-338,375,360
254,-339,374,360
253,-339,373,360
252,-339,372,360
251,-339,371,360
250,-338,370,360
249,-338,369,360
248,-338,368,360
247,-337,367,360
246,-336,366,360
244,-336,364,360
243,-335,363,360
242,-334,362,360
240,-333,360,360
239,-332,359,360
238,-331,358,360
236,-329,356,360
235,-328,355,360
233,-327,353,360
232,-325,352,360
230,-324,350,360
228,-322,348,360
227,-320,347,360
225,-318,345,360
223,-315,343,360
221,-312,341,360
219,-310,339,360
219,-307,339,360
218,-304,338,360
217,-301,337,360
215,-299,335,360
213,-297,333,360
211,-296,331,360
209,-296,329,360
206,-296,326,360
204,-298,324,360
201,-301,321,360
200,-304,320,360
198,-309,318,360
198,-315,318,360
198,-322,318,360
199,-329,319,360
202,-337,322,360
205,-345,325,360
209,-353,329,360
214,0,334,360
220,0,340,360
226,0,346,360
233,0,353,360
240,0,360,360
248,0,368,360
256,0,376,360
264,0,384,360
272,0,392,360
281,0,401,360
289,0,409,360
298,0,418,360
307,0,427,360
316,0,436,360
324,0,444,360
332,-356,452,360
340,-349,460,360
346,-341,466,360
351,-332,471,360
355,-324,475,360
358,-315,478,360
359,-307,479,360
359,-299,479,360
357,-292,477,360
353,-285,473,360
349,-279,469,360
343,-275,463,360
337,-271,457,360
330,-269,450,360
322,-268,442,360
315,-269,435,360
307,-271,427,360
300,-274,420,360
293,-278,413,360
286,-283,406,360
280,-289,400,360
274,-296,394,360
268,-302,388,360
262,-309,382,360
257,-316,377,360
252,-322,372,360
248,-328,368,360
243,-334,363,360
239,-339,359,360
235,-344,355,360
231,-349,351,360
228,-354,348,360
224,-358,344,360
221,0,341,360
218,0,338,360
214,0,334,360
211,0,331,360
207,0,327,360
203,0,323,360
199,0,319,360
195,0,315,360
191,0,311,360
187,0,307,360
183,0,303,360
181,0,301,360
179,0,299,360
178,0,298,360
178,0,298,360
179,0,299,360
181,0,301,360
185,0,305,360
189,0,309,360
194,0,314,360
200,0,320,360
206,0,326,360
212,0,332,360
218,0,338,360
225,-359,345,360
231,-355,351,360
237,-352,357,360
243,-348,363,360
249,-345,369,360
255,-342,375,360
260,-339,380,360
265,-336,385,360
270,-334,390,360
274,-332,394,360
278,-330,398,360
281,-328,401,360
284,-326,404,360
285,-325,405,360
286,-325,406,360
285,-324,405,360
284,-325,404,360
281,-325,401,360
278,-326,398,360
274,-328,394,360
270,-329,390,360
266,-331,386,360
261,-333,381,360
257,-335,377,360
253,-336,373,360
249,-338,369,360
246,-339,366,360
244,-339,364,360
242,-340,362,360
240,-340,360,360
240,-339,360,360
239,-339,359,360
239,-338,359,360
239,-337,359,360
238,-336,358,360
238,-334,358,360
238,-333,358,360
238,-332,358,360
238,-330,358,360
238,-329,358,360
237,-328,357,360
237,-327,357,360
237,-325,357,360
238,-324,358,360
238,-323,358,360
239,-322,359,360
240,-321,360,360
241,-319,361,360
242,-318,362,360
243,-317,363,360
244,-316,364,360
246,-316,366,360
247,-315,367,360
248,-315,368,360
250,-315,370,360
251,-315,371,360
252,-315,372,360
253,-316,373,360
254,-317,374,360
254,-319,374,360
255,-320,375,360
255,-322,375,360
255,-324,375,360
255,-325,375,360
254,-327,374,360
253,-329,373,360
252,-330,372,360
250,-331,370,360
248,-331,368,360
246,-332,366,360
243,-331,363,360
241,-331,361,360
238,-330,358,360
235,-328,355,360
232,-326,352,360
230,-324,350,360
228,-321,348,360
226,-318,346,360
225,-314,345,360
224,-311,344,360
225,-307,345,360
226,-303,346,360
227,-299,347,360
230,-295,350,360
233,-291,353,360
237,-288,357,360
241,-284,361,360
245,-282,365,360
250,-279,370,360
256,-278,376,360
261,-276,381,360
266,-276,386,360
271,-276,391,360
277,-277,397,360
282,-278,402,360
286,-280,406,360
291,-282,411,360
295,-285,415,360
299,-288,419,360
302,-292,422,360
305,-296,425,360
308,-299,428,360
310,-304,430,360
311,-308,431,360
312,-312,432,360
312,-316,432,360
311,-320,431,360
310,-324,430,360
309,-328,429,360
307,-331,427,360
305,-335,425,360
304,-338,424,360
302,-341,422,360
300,-344,420,360
299,-346,419,360
298,-348,418,360
297,-350,417,360
297,-352,417,360
297,-353,417,360
298,-354,418,360
299,-355,419,360
300,-355,420,360
301,-356,421,360
303,-356,423,360
304,-356,424,360
305,-356,425,360
306,-356,426,360
307,-356,427,360
308,-356,428,360
308,-356,428,360
309,-355,429,360
309,-355,429,360
310,-354,430,360
310,-353,430,360
311,-352,431,360
311,-351,431,360
312,-349,432,360
312,-347,432,360
313,-345,433,360
313,-342,433,360
314,-340,434,360
314,-337,434,360
314,-334,434,360
314,-332,434,360
314,-329,434,360
314,-327,434,360
313,-325,433,360
312,-324,432,360
311,-323,431,360
310,-322,430,360
308,-321,428,360
306,-322,426,360
305,-322,425,360
303,-323,423,360
300,-325,420,360
298,-326,418,360
296,-329,416,360
293,-331,413,360
291,-334,411,360
288,-337,408,360
285,-340,405,360
283,-344,403,360
280,-347,400,360
277,-351,397,360
275,-354,395,360
272,-358,392,360
270,0,390,360
268,0,388,360
266,0,386,360
265,0,385,360
263,0,383,360
262,0,382,360
262,0,382,360
261,0,381,360
261,0,381,360
262,0,382,360
262,0,382,360
263,0,383,360
264,0,384,360
265,0,385,360
266,0,386,360
267,0,387,360
268,0,388,360
269,0,389,360
269,0,389,360
270,0,390,360
270,0,390,360
270,0,390,360
270,0,390,360
270,0,390,360
270,0,390,360
270,0,390,360
270,0,390,360
270,0,390,360
271,0,391,360
271,0,391,360
272,0,392,360
273,0,393,360
273,0,393,360
274,0,394,360
274,0,394,360
273,0,393,360
272,0,392,360
270,0,390,360
267,0,387,360
264,-359,384,360
259,-357,379,360
254,-354,374,360
248,-350,368,360
242,-347,362,360
236,-343,356,360
230,-340,350,360
224,-336,344,360
218,-333,338,360
214,-329,334,360
209,-326,329,360
206,-324,326,360
203,-321,323,360
202,-319,322,360
201,-317,321,360
200,-316,320,360
201,-315,321,360
202,-314,322,360
205,-314,325,360
208,-315,328,360
212,-317,332,360
216,-320,336,360
221,-323,341,360
227,-328,347,360
234,-333,354,360
240,-339,360,360
247,-346,367,360
253,-353,373,360
259,0,379,360
265,0,385,360
268,0,388,360
271,0,391,360
272,0,392,360
271,0,391,360
268,0,388,360
263,0,383,360
256,0,376,360
247,0,367,360
237,0,357,360
225,0,345,360
213,0,333,360
201,0,321,360
188,-359,308,360
175,-354,295,360
164,-349,284,360
153,-345,273,360
143,-341,263,360
133,-339,253,360
125,-338,245,360
118,-338,238,360
112,-338,232,360
107,-339,227,360
103,-340,223,360
99,-342,219,360
96,-343,216,360
93,-345,213,360
90,-346,210,360
89,-347,209,360
87,-348,207,360
87,-350,207,360
87,-351,207,360
87,-352,207,360
88,-353,208,360
90,-354,210,360
92,-356,212,360
94,-357,214,360
96,-359,216,360
99,0,219,360
102,0,222,360
104,0,224,360
107,0,227,360
109,-358,229,360
110,-356,230,360
111,-353,231,360
112,-349,232,360
113,-344,233,360
113,-339,233,360
112,-334,232,360
111,-329,231,360
110,-323,230,360
109,-318,229,360
107,-314,227,360
105,-310,225,360
103,-306,223,360
101,-303,221,360
99,-301,219,360
96,-299,216,360
94,-298,214,360
92,-297,212,360
90,-296,210,360
88,-295,208,360
87,-294,207,360
86,-294,206,360
87,-293,207,360
88,-293,208,360
90,-293,210,360
94,-294,214,360
98,-296,218,360
104,-299,224,360
112,-302,232,360
120,-307,240,360
130,-313,250,360
141,-321,261,360
152,-329,272,360
165,-339,285,360
178,-349,298,360
191,0,311,360
204,0,324,360
216,0,336,360
229,0,349,360
240,0,360,360
250,0,370,360
260,0,380,360
268,0,388,360
275,0,395,360
280,0,400,360
284,0,404,360
287,0,407,360
288,0,408,360
289,0,409,360
288,0,408,360
286,0,406,360
284,0,404,360
281,0,401,360
279,0,399,360
276,0,396,360
273,0,393,360
270,0,390,360
268,0,388,360
266,0,386,360
265,0,385,360
264,0,384,360
262,0,382,360
261,0,381,360
260,0,380,360
258,0,378,360
256,0,376,360
254,0,374,360
252,0,372,360
249,0,369,360
246,0,366,360
244,0,364,360
241,0,361,360
239,0,359,360
238,0,358,360
237,0,357,360
236,0,356,360
237,0,357,360
237,0,357,360
238,0,358,360
240,0,360,360
242,0,362,360
244,0,364,360
246,0,366,360
248,0,368,360
250,0,370,360
252,0,372,360
254,0,374,360
256,0,376,360
258,0,378,360
260,0,380,360
262,0,382,360
264,0,384,360
266,0,386,360
267,0,387,360
269,0,389,360
270,0,390,360
271,0,391,360
271,0,391,360
271,0,391,360
270,0,390,360
269,0,389,360
267,0,387,360
264,0,384,360
261,0,381,360
258,0,378,360
255,0,375,360
253,0,373,360
251,0,371,360
250,0,370,360
250,0,370,360
250,0,370,360
252,0,372,360
254,0,374,360
256,0,376,360
259,0,379,360
262,0,382,360
265,0,385,360
268,0,388,360
271,0,391,360
273,0,393,360
275,0,395,360
276,0,396,360
276,0,396,360
277,0,397,360
276,0,396,360
275,0,395,360
274,0,394,360
273,0,393,360
270,0,390,360
268,0,388,360
265,0,385,360
262,0,382,360
258,0,378,360
254,0,374,360
250,0,370,360
247,0,367,360
243,0,363,360
240,0,360,360
238,0,358,360
235,0,355,360
233,0,353,360
232,0,352,360
231,0,351,360
230,0,350,360
229,0,349,360
228,0,348,360
226,0,346,360
224,0,344,360
221,0,341,360
218,0,338,360
214,0,334,360
210,0,330,360
205,0,325,360
200,0,320,360
195,0,315,360
190,0,310,360
186,0,306,360
184,0,304,360
182,0,302,360
181,0,301,360
182,0,302,360
184,0,304,360
187,0,307,360
191,0,311,360
195,0,315,360
200,0,320,360
205,0,325,360
209,0,329,360
213,0,333,360
216,0,336,360
218,0,338,360
219,0,339,360
220,0,340,360
219,0,339,360
218,0,338,360
215,0,335,360
212,0,332,360
208,0,328,360
203,0,323,360
196,0,316,360
189,0,309,360
180,0,300,360
170,0,290,360
159,0,279,360
146,0,266,360
132,0,252,360
118,0,238,360
103,0,223,360
87,0,207,360
72,0,192,360
57,0,177,360
43,0,163,360
31,0,151,360
19,0,139,360
10,0,130,360
2,0,122,360
0,0,120,360
0,0,120,360
0,0,120,360
0,0,120,360
0,0,120,360
0,0,120,360
0,0,120,360
0,0,120,360
0,0,120,360
0,0,120,360
0,0,120,360
1,0,121,360
1,0,121,360
1,0,121,360
0,0,120,360
0,0,120,360
0,0,120,360
0,0,120,360
0,0,120,360
0,0,120,360
0,0,120,360
0,0,120,360
0,0,120,360
0,0,120,360
0,0,120,360
0,0,120,360
1,0,121,360
4,0,124,360
7,0,127,360
10,0,130,360
14,0,134,360
17,0,137,360
20,0,140,360
23,0,143,360
26,-359,146,360
28,-347,148,360
30,-335,150,360
31,-324,151,360
32,-314,152,360
33,-306,153,360
34,-299,154,360
36,-294,156,360
37,-290,157,360
40,-289,160,360
43,-289,163,360
46,-291,166,360
50,-294,170,360
55,-298,175,360
60,-303,180,360
65,-309,185,360
70,-315,190,360
75,-321,195,360
80,-328,200,360
84,-334,204,360
89,-340,209,360
93,-346,213,360
98,-352,218,360
102,-358,222,360
107,0,227,360
112,0,232,360
117,0,237,360
122,0,242,360
127,0,247,360
131,0,251,360
135,0,255,360
139,0,259,360
142,0,262,360
144,0,264,360
145,0,265,360
144,0,264,360
143,-357,263,360
141,-351,261,360
138,-345,258,360
135,-340,255,360
132,-336,252,360
130,-334,250,360
128,-333,248,360
127,-335,247,360
128,-338,248,360
130,-342,250,360
133,-348,253,360
138,-355,258,360
143,0,263,360
149,0,269,360
155,0,275,360
162,0,282,360
167,0,287,360
173,0,293,360
177,0,297,360
181,0,301,360
184,0,304,360
186,0,306,360
188,0,308,360
190,0,310,360
191,0,311,360
193,0,313,360
195,0,315,360
198,0,318,360
201,0,321,360
203,0,323,360
206,0,326,360
209,0,329,360
211,0,331,360
212,0,332,360
213,0,333,360
213,0,333,360
212,0,332,360
210,0,330,360
208,0,328,360
205,0,325,360
203,0,323,360
201,0,321,360
199,0,319,360
198,0,318,360
197,0,317,360
197,0,317,360
197,0,317,360
197,0,317,360
197,0,317,360
197,0,317,360
197,0,317,360
196,0,316,360
194,0,314,360
191,0,311,360
188,0,308,360
186,0,306,360
183,0,303,360
181,0,301,360
179,0,299,360
177,0,297,360
176,0,296,360
174,0,294,360
173,0,293,360
171,0,291,360
170,0,290,360
168,0,288,360
167,0,287,360
166,0,286,360
165,0,285,360
165,0,285,360
164,0,284,360
163,0,283,360
163,0,283,360
163,0,283,360
162,0,282,360
162,0,282,360
163,0,283,360
163,0,283,360
163,0,283,360
164,0,284,360
165,0,285,360
165,0,285,360
