520,0,640,360
520,0,640,360
520,0,640,360
520,0,640,360
520,0,640,360
520,0,640,360
520,0,640,360
520,0,640,360
520,0,640,360
520,0,640,360
514,0,634,360
506,0,626,360
499,0,619,360
491,0,611,360
483,0,603,360
476,0,596,360
468,0,588,360
461,0,581,360
454,0,574,360
447,0,567,360
440,0,560,360
433,0,553,360
427,0,547,360
420,0,540,360
413,0,533,360
406,0,526,360
399,0,519,360
390,0,510,360
381,0,501,360
372,0,492,360
368,0,488,360
365,0,485,360
363,0,483,360
363,0,483,360
364,0,484,360
366,0,486,360
370,0,490,360
375,0,495,360
382,0,502,360
389,0,509,360
397,0,517,360
406,0,526,360
415,0,535,360
424,0,544,360
432,0,552,360
440,0,560,360
447,0,567,360
453,0,573,360
457,0,577,360
461,0,581,360
463,0,583,360
463,0,583,360
463,0,583,360
462,0,582,360
460,0,580,360
458,0,578,360
456,0,576,360
455,0,575,360
453,0,573,360
452,0,572,360
451,0,571,360
451,0,571,360
451,0,571,360
452,0,572,360
452,0,572,360
453,0,573,360
454,0,574,360
455,0,575,360
457,0,577,360
458,0,578,360
459,0,579,360
461,0,581,360
462,0,582,360
463,0,583,360
465,0,585,360
466,0,586,360
467,0,587,360
468,0,588,360
470,0,590,360
470,0,590,360
471,0,591,360
472,0,592,360
474,0,594,360
475,0,595,360
477,0,597,360
479,0,599,360
481,0,601,360
484,0,604,360
488,0,608,360
491,0,611,360
495,0,615,360
499,0,619,360
502,0,622,360
506,0,626,360
508,0,628,360
510,0,630,360
510,0,630,360
510,0,630,360
508,0,628,360
506,0,626,360
502,0,622,360
497,0,617,360
491,0,611,360
484,0,604,360
475,0,595,360
466,0,586,360
456,0,576,360
445,0,565,360
433,0,553,360
420,0,540,360
408,0,528,360
395,0,515,360
382,0,502,360
369,0,489,360
357,0,477,360
346,0,466,360
335,0,455,360
325,0,445,360
316,0,436,360
307,0,427,360
300,0,420,360
294,0,414,360
289,0,409,360
284,0,404,360
281,0,401,360
278,0,398,360
275,0,395,360
273,0,393,360
272,0,392,360
270,0,390,360
269,0,389,360
267,0,387,360
266,0,386,360
264,0,384,360
262,0,382,360
259,0,379,360
256,0,376,360
253,0,373,360
249,0,369,360
245,0,365,360
240,0,360,360
236,0,356,360
231,0,351,360
226,0,346,360
222,0,342,360
217,0,337,360
212,0,332,360
208,0,328,360
203,0,323,360
199,0,319,360
195,0,315,360
191,0,311,360
187,0,307,360
184,0,304,360
180,0,300,360
176,0,296,360
173,0,293,360
169,0,289,360
166,0,286,360
163,0,283,360
160,0,280,360
159,0,279,360
159,0,279,360
160,0,280,360
162,0,282,360
167,0,287,360
174,0,294,360
182,0,302,360
192,0,312,360
204,0,324,360
218,0,338,360
232,0,352,360
247,-357,367,360
263,-353,383,360
278,-349,398,360
292,-346,412,360
305,-344,425,360
318,-343,438,360
328,-343,448,360
337,-345,457,360
344,-347,464,360
348,-350,468,360
351,-354,471,360
351,-359,471,360
349,0,469,360
345,0,465,360
339,0,459,360
332,0,452,360
322,0,442,360
312,0,432,360
300,0,420,360
288,0,408,360
277,0,397,360
265,0,385,360
255,0,375,360
246,0,366,360
240,0,360,360
235,0,355,360
233,0,353,360
233,0,353,360
236,0,356,360
241,0,361,360
248,0,368,360
257,0,377,360
267,0,387,360
278,0,398,360
290,0,410,360
301,0,421,360
312,0,432,360
322,0,442,360
331,0,451,360
339,0,459,360
345,0,465,360
349,0,469,360
351,0,471,360
351,0,471,360
350,0,470,360
346,0,466,360
341,0,461,360
334,0,454,360
326,0,446,360
317,0,437,360
307,0,427,360
296,0,416,360
285,0,405,360
274,0,394,360
263,0,383,360
253,0,373,360
244,0,364,360
236,0,356,360
229,0,349,360
224,0,344,360
221,0,341,360
219,0,339,360
219,0,339,360
219,0,339,360
221,0,341,360
224,0,344,360
227,0,347,360
229,0,349,360
232,0,352,360
234,0,354,360
235,0,355,360
236,0,356,360
236,0,356,360
234,0,354,360
233,0,353,360
231,0,351,360
228,0,348,360
226,0,346,360
225,0,345,360
223,0,343,360
223,0,343,360
224,0,344,360
225,0,345,360
228,0,348,360
232,0,352,360
237,0,357,360
243,0,363,360
250,0,370,360
258,0,378,360
267,0,387,360
277,0,397,360
288,0,408,360
299,0,419,360
311,0,431,360
323,0,443,360
336,0,456,360
349,0,469,360
362,0,482,360
374,0,494,360
386,0,506,360
397,0,517,360
407,0,527,360
416,0,536,360
423,0,543,360
429,0,549,360
433,0,553,360
436,-359,556,360
437,-359,557,360
437,-359,557,360
435,0,555,360
431,0,551,360
427,0,547,360
421,0,541,360
415,0,535,360
407,0,527,360
399,0,519,360
390,0,510,360
381,0,501,360
372,0,492,360
362,0,482,360
353,0,473,360
345,0,465,360
337,0,457,360
330,0,450,360
325,0,445,360
321,0,441,360
319,0,439,360
318,0,438,360
320,0,440,360
322,0,442,360
326,0,446,360
331,0,451,360
336,0,456,360
341,0,461,360
346,-359,466,360
350,-357,470,360
354,-357,474,360
356,-357,476,360
357,-358,477,360
356,-359,476,360
354,0,474,360
352,0,472,360
348,0,468,360
344,0,464,360
340,0,460,360
337,0,457,360
333,0,453,360
330,0,450,360
327,0,447,360
324,0,444,360
321,0,441,360
318,0,438,360
315,0,435,360
311,0,431,360
306,0,426,360
300,0,420,360
293,0,413,360
286,0,406,360
278,0,398,360
270,0,390,360
262,0,382,360
255,0,375,360
248,0,368,360
243,0,363,360
238,0,358,360
233,0,353,360
230,0,350,360
226,0,346,360
223,0,343,360
220,0,340,360
217,0,337,360
213,0,333,360
208,0,328,360
203,0,323,360
197,0,317,360
191,0,311,360
185,0,305,360
179,0,299,360
173,0,293,360
168,0,288,360
163,0,283,360
160,0,280,360
158,0,278,360
157,0,277,360
158,0,278,360
159,0,279,360
161,0,281,360
164,0,284,360
166,0,286,360
169,0,289,360
172,0,292,360
174,0,294,360
176,0,296,360
177,0,297,360
178,0,298,360
178,0,298,360
178,0,298,360
177,0,297,360
176,0,296,360
175,0,295,360
173,0,293,360
171,0,291,360
168,0,288,360
165,0,285,360
161,0,281,360
157,0,277,360
153,0,273,360
149,0,269,360
146,0,266,360
143,0,263,360
141,0,261,360
140,0,260,360
140,0,260,360
142,0,262,360
146,0,266,360
150,0,270,360
156,0,276,360
163,0,283,360
170,0,290,360
178,0,298,360
185,0,305,360
192,0,312,360
199,0,319,360
205,0,325,360
210,0,330,360
214,0,334,360
217,0,337,360
219,0,339,360
220,0,340,360
220,0,340,360
220,0,340,360
218,0,338,360
216,0,336,360
213,0,333,360
210,0,330,360
205,0,325,360
200,0,320,360
195,0,315,360
188,0,308,360
182,0,302,360
174,0,294,360
167,0,287,360
160,0,280,360
153,0,273,360
147,0,267,360
142,0,262,360
138,0,258,360
135,0,255,360
135,0,255,360
136,0,256,360
138,0,258,360
143,0,263,360
149,0,269,360
155,0,275,360
163,0,283,360
172,0,292,360
180,0,300,360
188,0,308,360
196,0,316,360
204,0,324,360
211,0,331,360
217,0,337,360
222,0,342,360
227,0,347,360
232,0,352,360
236,0,356,360
239,0,359,360
242,0,362,360
245,0,365,360
248,0,368,360
251,0,371,360
253,0,373,360
255,0,375,360
257,0,377,360
259,0,379,360
261,0,381,360
262,0,382,360
263,0,383,360
264,0,384,360
265,0,385,360
265,0,385,360
266,0,386,360
266,0,386,360
266,0,386,360
266,0,386,360
265,0,385,360
265,0,385,360
265,0,385,360
265,0,385,360
264,0,384,360
264,0,384,360
263,0,383,360
263,0,383,360
262,0,382,360
262,0,382,360
261,0,381,360
261,0,381,360
260,0,380,360
259,0,379,360
259,0,379,360
258,0,378,360
257,0,377,360
256,0,376,360
255,0,375,360
254,0,374,360
253,0,373,360
252,0,372,360
251,0,371,360
251,0,371,360
250,0,370,360
249,0,369,360
248,0,368,360
247,0,367,360
247,0,367,360
246,0,366,360
246,0,366,360
245,0,365,360
245,0,365,360
245,0,365,360
245,0,365,360
245,0,365,360
246,0,366,360
246,0,366,360
247,0,367,360
248,0,368,360
250,0,370,360
251,0,371,360
253,0,373,360
255,0,375,360
257,0,377,360
259,0,379,360
261,0,381,360
262,0,382,360
264,0,384,360
266,0,386,360
267,0,387,360
269,0,389,360
271,0,391,360
273,0,393,360
275,0,395,360
276,0,396,360
278,0,398,360
280,0,400,360
282,0,402,360
283,0,403,360
285,0,405,360
285,0,405,360
285,0,405,360
285,0,405,360
284,0,404,360
282,0,402,360
280,0,400,360
277,0,397,360
274,0,394,360
271,0,391,360
268,0,388,360
265,0,385,360
262,0,382,360
259,0,379,360
256,0,376,360
252,0,372,360
248,0,368,360
244,0,364,360
240,0,360,360
236,0,356,360
231,0,351,360
227,0,347,360
223,0,343,360
219,0,339,360
217,0,337,360
215,0,335,360
215,0,335,360
216,0,336,360
219,0,339,360
223,0,343,360
228,0,348,360
234,0,354,360
242,0,362,360
250,0,370,360
257,0,377,360
265,0,385,360
272,0,392,360
278,0,398,360
284,0,404,360
287,0,407,360
290,0,410,360
290,0,410,360
290,0,410,360
288,0,408,360
285,0,405,360
281,0,401,360
276,0,396,360
270,0,390,360
263,0,383,360
256,0,376,360
248,0,368,360
240,0,360,360
230,0,350,360
221,0,341,360
210,0,330,360
200,0,320,360
189,0,309,360
178,0,298,360
167,0,287,360
157,0,277,360
147,0,267,360
138,0,258,360
131,0,251,360
125,0,245,360
121,0,241,360
118,0,238,360
116,0,236,360
116,0,236,360
117,0,237,360
118,0,238,360
121,0,241,360
123,0,243,360
125,0,245,360
127,0,247,360
129,0,249,360
131,0,251,360
132,0,252,360
133,0,253,360
134,0,254,360
134,0,254,360
135,0,255,360
135,0,255,360
135,0,255,360
136,0,256,360
136,0,256,360
136,0,256,360
136,0,256,360
136,0,256,360
136,0,256,360
136,0,256,360
135,0,255,360
133,0,253,360
131,0,251,360
129,0,249,360
127,0,247,360
124,0,244,360
122,0,242,360
120,0,240,360
119,0,239,360
119,0,239,360
120,0,240,360
121,0,241,360
124,0,244,360
128,0,248,360
133,0,253,360
138,0,258,360
144,0,264,360
150,0,270,360
157,0,277,360
163,0,283,360
169,0,289,360
174,0,294,360
179,0,299,360
183,0,303,360
187,0,307,360
189,0,309,360
191,0,311,360
192,0,312,360
192,0,312,360
191,0,311,360
189,0,309,360
186,0,306,360
182,0,302,360
177,0,297,360
171,0,291,360
164,0,284,360
157,0,277,360
149,0,269,360
141,0,261,360
134,0,254,360
128,0,248,360
123,0,243,360
118,0,238,360
116,0,236,360
114,0,234,360
115,0,235,360
116,0,236,360
119,0,239,360
123,0,243,360
127,0,247,360
133,0,253,360
138,0,258,360
143,0,263,360
148,0,268,360
153,0,273,360
157,0,277,360
161,0,281,360
164,0,284,360
167,0,287,360
169,0,289,360
171,0,291,360
172,0,292,360
173,0,293,360
174,0,294,360
173,0,293,360
173,0,293,360
171,0,291,360
169,0,289,360
166,0,286,360
162,0,282,360
158,0,278,360
153,0,273,360
148,0,268,360
142,0,262,360
137,0,257,360
132,0,252,360
128,0,248,360
124,0,244,360
121,0,241,360
119,0,239,360
117,0,237,360
117,0,237,360
116,0,236,360
116,0,236,360
115,0,235,360
115,0,235,360
114,0,234,360
112,0,232,360
110,0,230,360
107,0,227,360
104,0,224,360
101,0,221,360
98,0,218,360
95,0,215,360
92,0,212,360
89,0,209,360
87,0,207,360
86,0,206,360
85,0,205,360
84,0,204,360
84,0,204,360
84,0,204,360
83,0,203,360
83,0,203,360
83,0,203,360
82,0,202,360
81,0,201,360
80,0,200,360
78,0,198,360
77,0,197,360
75,0,195,360
73,0,193,360
71,0,191,360
69,0,189,360
67,0,187,360
65,0,185,360
64,0,184,360
63,0,183,360
61,0,181,360
60,0,180,360
60,0,180,360
59,0,179,360
59,0,179,360
59,0,179,360
59,0,179,360
59,0,179,360
59,0,179,360
59,0,179,360
60,0,180,360
61,0,181,360
61,0,181,360
62,0,182,360
63,0,183,360
64,0,184,360
65,0,185,360
66,0,186,360
67,0,187,360
68,0,188,360
69,0,189,360
70,0,190,360
72,0,192,360
73,0,193,360
73,0,193,360
74,0,194,360
75,0,195,360
76,0,196,360
76,0,196,360
77,0,197,360
77,0,197,360
77,0,197,360
77,0,197,360
77,0,197,360
77,0,197,360
76,0,196,360
76,0,196,360
75,0,195,360
74,0,194,360
73,0,193,360
72,0,192,360
70,0,190,360
69,0,189,360
68,0,188,360
66,0,186,360
64,0,184,360
62,0,182,360
60,0,180,360
58,0,178,360
56,0,176,360
54,0,174,360
52,0,172,360
50,0,170,360
47,0,167,360
45,0,165,360
43,0,163,360
41,0,161,360
39,0,159,360
37,0,157,360
36,0,156,360
34,0,154,360
33,0,153,360
32,0,152,360
31,0,151,360
30,0,150,360
29,0,149,360
29,0,149,360
29,0,149,360
28,0,148,360
28,0,148,360
29,0,149,360
29,0,149,360
30,0,150,360
30,0,150,360
31,0,151,360
32,0,152,360
33,0,153,360
34,0,154,360
35,0,155,360
35,0,155,360
35,0,155,360
35,0,155,360
33,0,153,360
32,0,152,360
29,0,149,360
27,0,147,360
24,0,144,360
21,0,141,360
18,0,138,360
16,0,136,360
14,0,134,360
14,0,134,360
16,0,136,360
18,0,138,360
23,0,143,360
30,0,150,360
38,0,158,360
48,0,168,360
60,0,180,360
73,0,193,360
88,0,208,360
104,0,224,360
121,0,241,360
139,0,259,360
157,0,277,360
175,0,295,360
194,0,314,360
213,0,333,360
232,0,352,360
250,0,370,360
267,0,387,360
284,0,404,360
300,0,420,360
315,0,435,360
329,0,449,360
342,0,462,360
354,0,474,360
365,0,485,360
375,0,495,360
383,0,503,360
390,0,510,360
396,0,516,360
401,0,521,360
403,0,523,360
404,0,524,360
403,0,523,360
401,0,521,360
396,0,516,360
389,0,509,360
380,0,500,360
370,0,490,360
358,0,478,360
344,0,464,360
329,0,449,360
314,0,434,360
299,0,419,360
283,0,403,360
267,0,387,360
252,0,372,360
238,0,358,360
225,0,345,360
212,0,332,360
199,0,319,360
188,0,308,360
177,0,297,360
166,0,286,360
156,0,276,360
147,0,267,360
139,0,259,360
131,0,251,360
125,0,245,360
121,0,241,360
118,0,238,360
118,0,238,360
120,0,240,360
124,0,244,360
131,0,251,360
140,0,260,360
150,0,270,360
163,0,283,360
176,0,296,360
190,0,310,360
205,0,325,360
218,0,338,360
231,0,351,360
243,0,363,360
253,0,373,360
262,0,382,360
270,0,390,360
276,0,396,360
281,0,401,360
285,0,405,360
289,0,409,360
293,0,413,360
297,0,417,360
301,0,421,360
305,0,425,360
309,0,429,360
313,0,433,360
317,0,437,360
320,0,440,360
322,0,442,360
324,0,444,360
324,0,444,360
323,0,443,360
322,0,442,360
319,0,439,360
316,0,436,360
313,0,433,360
309,0,429,360
305,0,425,360
302,0,422,360
299,0,419,360
297,0,417,360
295,0,415,360
294,0,414,360
293,0,413,360
293,0,413,360
293,0,413,360
293,0,413,360
293,0,413,360
294,0,414,360
294,0,414,360
294,0,414,360
294,0,414,360
294,0,414,360
294,0,414,360
294,0,414,360
293,0,413,360
293,0,413,360
293,0,413,360
293,0,413,360
293,0,413,360
293,0,413,360
293,0,413,360
293,0,413,360
294,0,414,360
294,0,414,360
294,0,414,360
294,0,414,360
294,0,414,360
294,0,414,360
294,0,414,360
295,0,415,360
295,0,415,360
295,0,415,360
295,0,415,360
296,0,416,360
296,0,416,360
296,0,416,360
296,0,416,360
297,0,417,360
297,0,417,360
297,0,417,360
298,0,418,360
298,0,418,360
299,0,419,360
299,0,419,360
300,0,420,360
300,0,420,360
300,0,420,360
301,0,421,360
301,0,421,360
302,0,422,360
