122,-296,242,360
122,-306,242,360
123,-315,243,360
123,-323,243,360
123,-330,243,360
122,-336,242,360
122,-342,242,360
121,-347,241,360
120,-351,240,360
119,-355,239,360
117,-358,237,360
115,0,235,360
113,0,233,360
111,0,231,360
109,0,229,360
106,0,226,360
103,0,223,360
100,0,220,360
97,-359,217,360
94,-356,214,360
91,-353,211,360
87,-350,207,360
83,-346,203,360
79,-341,199,360
75,-335,195,360
71,-328,191,360
66,-320,186,360
61,-310,181,360
55,-298,175,360
49,-285,169,360
43,-276,163,360
38,-267,158,360
32,-259,152,360
27,-252,147,360
22,-247,142,360
17,-243,137,360
12,-239,132,360
7,-237,127,360
3,-235,123,360
0,-234,120,360
0,-234,120,360
0,-234,120,360
0,-234,120,360
0,-235,120,360
0,-235,120,360
0,-236,120,360
0,-237,120,360
0,-239,120,360
0,-240,120,360
0,-242,120,360
0,-244,120,360
4,-246,124,360
8,-249,128,360
13,-251,133,360
18,-253,138,360
22,-256,142,360
27,-258,147,360
31,-260,151,360
34,-261,154,360
38,-262,158,360
42,-263,162,360
45,-264,165,360
49,-265,169,360
53,-266,173,360
57,-267,177,360
62,-269,182,360
67,-271,187,360
72,-274,192,360
77,-278,197,360
82,-282,202,360
87,-287,207,360
92,-293,212,360
97,-299,217,360
101,-307,221,360
104,-315,224,360
107,-323,227,360
109,-332,229,360
111,-341,231,360
112,-350,232,360
113,-359,233,360
114,0,234,360
115,0,235,360
117,0,237,360
118,0,238,360
119,0,239,360
121,0,241,360
123,0,243,360
125,0,245,360
127,0,247,360
129,0,249,360
131,0,251,360
131,0,251,360
132,0,252,360
132,0,252,360
131,0,251,360
129,0,249,360
128,0,248,360
126,0,246,360
124,0,244,360
121,0,241,360
120,0,240,360
118,0,238,360
117,0,237,360
116,0,236,360
116,0,236,360
115,0,235,360
116,0,236,360
116,0,236,360
117,0,237,360
118,0,238,360
118,0,238,360
119,0,239,360
120,0,240,360
120,0,240,360
121,0,241,360
121,0,241,360
121,0,241,360
121,0,241,360
122,0,242,360
122,-354,242,360
122,-348,242,360
123,-341,243,360
123,-334,243,360
123,-327,243,360
124,-320,244,360
124,-313,244,360
125,-306,245,360
125,-299,245,360
125,-294,245,360
126,-289,246,360
126,-286,246,360
126,-283,246,360
126,-282,246,360
126,-281,246,360
126,-281,246,360
126,-282,246,360
126,-283,246,360
126,-284,246,360
126,-286,246,360
126,-287,246,360
126,-289,246,360
126,-290,246,360
126,-291,246,360
126,-291,246,360
126,-292,246,360
126,-292,246,360
127,-292,247,360
127,-291,247,360
127,-291,247,360
127,-291,247,360
127,-291,247,360
127,-291,247,360
127,-291,247,360
126,-291,246,360
126,-291,246,360
126,-291,246,360
126,-291,246,360
125,-291,245,360
125,-291,245,360
125,-291,245,360
125,-291,245,360
125,-291,245,360
124,-291,244,360
124,-291,244,360
124,-291,244,360
124,-291,244,360
124,-291,244,360
124,-291,244,360
124,-291,244,360
123,-291,243,360
123,-291,243,360
123,-291,243,360
123,-291,243,360
123,-291,243,360
123,-291,243,360
123,-291,243,360
123,-291,243,360
123,-291,243,360
123,-292,243,360
123,-292,243,360
123,-292,243,360
123,-291,243,360
123,-291,243,360
123,-290,243,360
123,-289,243,360
123,-287,243,360
124,-286,244,360
124,-284,244,360
124,-283,244,360
124,-282,244,360
124,-281,244,360
124,-281,244,360
124,-281,244,360
124,-283,244,360
124,-285,244,360
124,-289,244,360
124,-294,244,360
123,-299,243,360
123,-306,243,360
122,-313,242,360
122,-320,242,360
121,-327,241,360
120,-334,240,360
120,-341,240,360
119,-348,239,360
119,-354,239,360
118,-359,238,360
117,0,237,360
117,0,237,360
117,0,237,360
116,0,236,360
116,0,236,360
115,0,235,360
115,0,235,360
115,0,235,360
114,0,234,360
114,0,234,360
114,0,234,360
113,0,233,360
113,0,233,360
113,0,233,360
113,0,233,360
113,0,233,360
114,0,234,360
114,0,234,360
114,0,234,360
114,0,234,360
114,0,234,360
114,0,234,360
114,0,234,360
114,0,234,360
113,0,233,360
113,0,233,360
112,0,232,360
112,0,232,360
111,0,231,360
110,0,230,360
110,0,230,360
109,0,229,360
109,-355,229,360
109,-350,229,360
108,-343,228,360
108,-336,228,360
108,-329,228,360
108,-322,228,360
109,-315,229,360
109,-308,229,360
109,-302,229,360
109,-297,229,360
110,-292,230,360
110,-289,230,360
110,-286,230,360
111,-285,231,360
111,-284,231,360
111,-285,231,360
111,-286,231,360
112,-287,232,360
112,-288,232,360
112,-290,232,360
113,-291,233,360
113,-293,233,360
113,-294,233,360
113,-295,233,360
113,-295,233,360
113,-296,233,360
113,-296,233,360
112,-296,232,360
112,-295,232,360
112,-295,232,360
111,-295,231,360
111,-295,231,360
110,-295,230,360
110,-296,230,360
110,-296,230,360
110,-297,230,360
111,-297,231,360
111,-298,231,360
111,-299,231,360
111,-299,231,360
112,-300,232,360
111,-300,231,360
111,-300,231,360
110,-300,230,360
109,-300,229,360
107,-300,227,360
105,-299,225,360
102,-298,222,360
99,-296,219,360
95,-294,215,360
91,-293,211,360
87,-290,207,360
82,-288,202,360
77,-285,197,360
72,-283,192,360
66,-280,186,360
61,-277,181,360
55,-274,175,360
50,-271,170,360
44,-268,164,360
39,-265,159,360
33,-262,153,360
28,-259,148,360
23,-256,143,360
19,-254,139,360
14,-251,134,360
11,-249,131,360
7,-247,127,360
4,-246,124,360
2,-244,122,360
0,-243,120,360
0,-242,120,360
0,-242,120,360
0,-242,120,360
0,-241,120,360
0,-241,120,360
0,-241,120,360
0,-242,120,360
0,-242,120,360
0,-242,120,360
0,-242,120,360
0,-242,120,360
0,-243,120,360
0,-243,120,360
0,-244,120,360
0,-245,120,360
0,-246,120,360
1,-247,121,360
2,-249,122,360
4,-251,124,360
6,-252,126,360
8,-254,128,360
10,-256,130,360
12,-258,132,360
15,-260,135,360
16,-261,136,360
18,-263,138,360
20,-264,140,360
21,-265,141,360
22,-266,142,360
22,-267,142,360
23,-267,143,360
23,-267,143,360
23,-267,143,360
23,-267,143,360
22,-266,142,360
21,-266,141,360
20,-265,140,360
19,-264,139,360
17,-263,137,360
16,-262,136,360
13,-261,133,360
11,-259,131,360
9,-258,129,360
6,-256,126,360
4,-255,124,360
1,-253,121,360
0,-251,120,360
0,-250,120,360
0,-248,120,360
0,-247,120,360
0,-246,120,360
0,-246,120,360
0,-245,120,360
0,-245,120,360
0,-245,120,360
0,-245,120,360
0,-246,120,360
0,-246,120,360
0,-246,120,360
0,-247,120,360
0,-247,120,360
0,-247,120,360
0,-247,120,360
0,-247,120,360
0,-247,120,360
0,-247,120,360
0,-247,120,360
0,-246,120,360
0,-246,120,360
0,-246,120,360
0,-246,120,360
0,-246,120,360
0,-246,120,360
0,-246,120,360
0,-246,120,360
0,-246,120,360
0,-246,120,360
0,-246,120,360
0,-246,120,360
0,-246,120,360
0,-247,120,360
0,-247,120,360
0,-247,120,360
0,-247,120,360
0,-248,120,360
0,-248,120,360
0,-248,120,360
0,-248,120,360
0,-248,120,360
0,-249,120,360
0,-249,120,360
0,-249,120,360
0,-249,120,360
0,-249,120,360
0,-249,120,360
0,-249,120,360
0,-249,120,360
0,-249,120,360
0,-249,120,360
0,-249,120,360
0,-249,120,360
0,-249,120,360
0,-249,120,360
1,-249,121,360
1,-249,121,360
2,-248,122,360
2,-248,122,360
3,-248,123,360
3,-248,123,360
3,-248,123,360
4,-248,124,360
4,-248,124,360
4,-248,124,360
4,-248,124,360
4,-248,124,360
4,-248,124,360
4,-248,124,360
3,-248,123,360
3,-248,123,360
2,-248,122,360
2,-249,122,360
1,-249,121,360
1,-249,121,360
0,-249,120,360
0,-249,120,360
0,-249,120,360
0,-249,120,360
0,-249,120,360
0,-248,120,360
0,-248,120,360
0,-248,120,360
0,-248,120,360
0,-248,120,360
0,-247,120,360
0,-247,120,360
0,-247,120,360
0,-247,120,360
0,-247,120,360
0,-246,120,360
0,-246,120,360
0,-246,120,360
0,-246,120,360
0,-246,120,360
0,-246,120,360
0,-246,120,360
0,-246,120,360
0,-246,120,360
1,-246,121,360
1,-246,121,360
1,-247,121,360
2,-247,122,360
2,-247,122,360
2,-248,122,360
2,-248,122,360
2,-248,122,360
2,-248,122,360
2,-249,122,360
2,-249,122,360
2,-249,122,360
2,-249,122,360
2,-249,122,360
2,-249,122,360
2,-249,122,360
2,-249,122,360
2,-249,122,360
2,-249,122,360
2,-249,122,360
2,-249,122,360
2,-249,122,360
2,-248,122,360
3,-248,123,360
3,-248,123,360
3,-248,123,360
3,-248,123,360
3,-248,123,360
3,-248,123,360
3,-247,123,360
4,-247,124,360
4,-247,124,360
4,-247,124,360
4,-247,124,360
4,-247,124,360
4,-248,124,360
4,-248,124,360
3,-248,123,360
3,-248,123,360
3,-248,123,360
3,-248,123,360
3,-248,123,360
2,-248,122,360
2,-249,122,360
2,-249,122,360
2,-249,122,360
2,-249,122,360
2,-248,122,360
1,-248,121,360
1,-248,121,360
1,-248,121,360
1,-248,121,360
1,-248,121,360
1,-248,121,360
1,-247,121,360
0,-247,120,360
0,-247,120,360
0,-247,120,360
0,-246,120,360
0,-246,120,360
0,-246,120,360
0,-246,120,360
0,-245,120,360
0,-245,120,360
0,-245,120,360
0,-245,120,360
0,-245,120,360
0,-245,120,360
0,-245,120,360
0,-245,120,360
0,-245,120,360
1,-245,121,360
1,-245,121,360
1,-245,121,360
1,-245,121,360
1,-246,121,360
2,-246,122,360
2,-246,122,360
2,-246,122,360
2,-247,122,360
3,-247,123,360
3,-247,123,360
3,-247,123,360
3,-247,123,360
3,-247,123,360
3,-247,123,360
3,-247,123,360
3,-247,123,360
3,-247,123,360
3,-247,123,360
3,-247,123,360
3,-247,123,360
3,-247,123,360
3,-247,123,360
2,-247,122,360
2,-246,122,360
2,-246,122,360
2,-246,122,360
1,-246,121,360
1,-246,121,360
1,-246,121,360
1,-245,121,360
0,-245,120,360
0,-245,120,360
0,-245,120,360
0,-244,120,360
0,-244,120,360
0,-244,120,360
0,-244,120,360
0,-244,120,360
0,-243,120,360
0,-243,120,360
0,-243,120,360
0,-243,120,360
0,-243,120,360
0,-243,120,360
0,-243,120,360
0,-243,120,360
0,-243,120,360
0,-243,120,360
0,-243,120,360
0,-243,120,360
0,-243,120,360
0,-243,120,360
0,-244,120,360
0,-244,120,360
0,-244,120,360
0,-244,120,360
0,-245,120,360
0,-245,120,360
1,-245,121,360
1,-246,121,360
1,-246,121,360
2,-246,122,360
2,-247,122,360
2,-247,122,360
2,-247,122,360
3,-247,123,360
3,-247,123,360
3,-247,123,360
3,-247,123,360
3,-247,123,360
2,-247,122,360
2,-247,122,360
2,-247,122,360
2,-247,122,360
2,-247,122,360
1,-247,121,360
1,-246,121,360
1,-246,121,360
0,-246,120,360
0,-245,120,360
0,-245,120,360
0,-245,120,360
0,-245,120,360
0,-245,120,360
0,-245,120,360
0,-245,120,360
0,-245,120,360
0,-245,120,360
0,-245,120,360
0,-245,120,360
0,-244,120,360
0,-243,120,360
0,-242,120,360
0,-241,120,360
0,-240,120,360
0,-239,120,360
0,-238,120,360
0,-237,120,360
0,-237,120,360
0,-238,120,360
0,-240,120,360
0,-242,120,360
0,-245,120,360
2,-250,122,360
4,-255,124,360
7,-260,127,360
11,-266,131,360
14,-272,134,360
17,-279,137,360
20,-285,140,360
24,-290,144,360
26,-296,146,360
29,-300,149,360
31,-304,151,360
32,-308,152,360
34,-310,154,360
35,-312,155,360
35,-314,155,360
35,-314,155,360
35,-314,155,360
35,-314,155,360
34,-313,154,360
33,-311,153,360
31,-309,151,360
29,-306,149,360
27,-303,147,360
25,-298,145,360
22,-294,142,360
19,-289,139,360
15,-283,135,360
12,-277,132,360
8,-271,128,360
5,-265,125,360
2,-259,122,360
0,-254,120,360
0,-249,120,360
0,-245,120,360
0,-242,120,360
0,-240,120,360
0,-238,120,360
0,-238,120,360
0,-238,120,360
0,-239,120,360
0,-241,120,360
0,-242,120,360
0,-244,120,360
0,-246,120,360
0,-247,120,360
0,-248,120,360
1,-249,121,360
1,-250,121,360
2,-250,122,360
2,-250,122,360
2,-250,122,360
2,-250,122,360
2,-250,122,360
2,-250,122,360
3,-250,123,360
3,-250,123,360
3,-250,123,360
3,-250,123,360
3,-250,123,360
3,-250,123,360
3,-250,123,360
3,-250,123,360
3,-249,123,360
3,-249,123,360
3,-249,123,360
3,-249,123,360
3,-249,123,360
3,-248,123,360
3,-248,123,360
3,-248,123,360
3,-248,123,360
3,-248,123,360
3,-248,123,360
4,-248,124,360
4,-247,124,360
4,-247,124,360
4,-247,124,360
4,-247,124,360
4,-247,124,360
3,-247,123,360
3,-246,123,360
2,-246,122,360
1,-245,121,360
0,-245,120,360
0,-244,120,360
0,-244,120,360
0,-244,120,360
0,-244,120,360
0,-244,120,360
0,-244,120,360
0,-245,120,360
0,-246,120,360
1,-248,121,360
3,-249,123,360
6,-251,126,360
8,-254,128,360
11,-256,131,360
15,-259,135,360
18,-262,138,360
22,-265,142,360
27,-268,147,360
31,-272,151,360
36,-275,156,360
41,-278,161,360
46,-282,166,360
51,-285,171,360
56,-287,176,360
61,-290,181,360
66,-292,186,360
72,-293,192,360
77,-294,197,360
82,-295,202,360
86,-295,206,360
91,-295,211,360
95,-295,215,360
98,-294,218,360
101,-294,221,360
104,-294,224,360
106,-294,226,360
108,-295,228,360
110,-297,230,360
111,-299,231,360
111,-303,231,360
112,-307,232,360
112,-312,232,360
112,-319,232,360
112,-325,232,360
112,-333,232,360
111,-340,231,360
111,-348,231,360
111,-355,231,360
112,0,232,360
112,0,232,360
112,0,232,360
113,0,233,360
114,0,234,360
115,0,235,360
116,0,236,360
117,0,237,360
117,0,237,360
118,0,238,360
118,0,238,360
118,0,238,360
117,0,237,360
116,0,236,360
115,0,235,360
112,0,232,360
109,0,229,360
106,-355,226,360
101,-345,221,360
96,-335,216,360
91,-324,211,360
84,-314,204,360
78,-303,198,360
71,-293,191,360
64,-284,184,360
57,-275,177,360
51,-270,171,360
46,-266,166,360
42,-262,162,360
39,-259,159,360
36,-257,156,360
34,-254,154,360
31,-252,151,360
30,-250,150,360
28,-249,148,360
27,-248,147,360
26,-247,146,360
25,-247,145,360
24,-246,144,360
24,-247,144,360
24,-247,144,360
24,-248,144,360
24,-250,144,360
25,-252,145,360
26,-254,146,360
28,-256,148,360
30,-259,150,360
32,-262,152,360
35,-266,155,360
38,-270,158,360
42,-274,162,360
45,-279,165,360
49,-284,169,360
54,-289,174,360
59,-295,179,360
