200,0,320,360
200,0,320,360
201,0,321,360
202,0,322,360
202,0,322,360
203,0,323,360
203,0,323,360
204,0,324,360
204,0,324,360
205,0,325,360
205,0,325,360
206,0,326,360
206,0,326,360
207,0,327,360
207,0,327,360
207,0,327,360
208,0,328,360
208,0,328,360
208,0,328,360
209,0,329,360
209,0,329,360
209,0,329,360
209,0,329,360
209,0,329,360
210,0,330,360
210,0,330,360
210,0,330,360
210,0,330,360
210,0,330,360
210,0,330,360
210,0,330,360
210,0,330,360
210,0,330,360
211,0,331,360
211,0,331,360
211,0,331,360
211,0,331,360
211,0,331,360
211,0,331,360
211,0,331,360
211,0,331,360
211,0,331,360
211,0,331,360
211,0,331,360
211,0,331,360
211,0,331,360
210,0,330,360
210,0,330,360
210,0,330,360
209,0,329,360
209,0,329,360
209,0,329,360
208,0,328,360
208,0,328,360
207,0,327,360
207,0,327,360
207,0,327,360
206,0,326,360
206,0,326,360
205,0,325,360
205,0,325,360
205,0,325,360
205,0,325,360
205,0,325,360
205,0,325,360
205,0,325,360
206,0,326,360
206,0,326,360
206,0,326,360
207,0,327,360
207,0,327,360
208,0,328,360
208,0,328,360
209,0,329,360
209,0,329,360
210,0,330,360
210,0,330,360
211,0,331,360
211,0,331,360
211,0,331,360
212,0,332,360
212,0,332,360
212,0,332,360
212,0,332,360
212,0,332,360
212,0,332,360
212,0,332,360
212,0,332,360
212,0,332,360
212,0,332,360
212,0,332,360
211,0,331,360
211,0,331,360
211,0,331,360
210,0,330,360
210,0,330,360
209,0,329,360
209,0,329,360
209,0,329,360
208,0,328,360
208,0,328,360
208,0,328,360
207,0,327,360
207,0,327,360
207,0,327,360
207,0,327,360
207,0,327,360
207,0,327,360
207,0,327,360
207,0,327,360
207,0,327,360
207,0,327,360
207,0,327,360
208,0,328,360
208,0,328,360
208,0,328,360
208,0,328,360
208,0,328,360
208,0,328,360
208,0,328,360
208,0,328,360
208,0,328,360
208,0,328,360
208,0,328,360
208,0,328,360
208,0,328,360
208,0,328,360
208,0,328,360
208,0,328,360
207,0,327,360
207,0,327,360
207,0,327,360
207,0,327,360
206,0,326,360
206,0,326,360
206,0,326,360
206,0,326,360
206,0,326,360
206,0,326,360
207,0,327,360
207,0,327,360
207,0,327,360
207,0,327,360
208,0,328,360
208,0,328,360
208,0,328,360
209,0,329,360
209,0,329,360
209,0,329,360
210,0,330,360
210,0,330,360
211,0,331,360
211,0,331,360
211,0,331,360
212,0,332,360
212,0,332,360
213,0,333,360
213,0,333,360
213,0,333,360
214,0,334,360
214,0,334,360
214,0,334,360
215,0,335,360
215,0,335,360
215,0,335,360
215,0,335,360
215,0,335,360
215,0,335,360
215,0,335,360
215,0,335,360
215,0,335,360
215,0,335,360
216,0,336,360
216,0,336,360
216,0,336,360
217,0,337,360
218,0,338,360
218,0,338,360
219,0,339,360
220,0,340,360
221,0,341,360
222,0,342,360
222,0,342,360
223,0,343,360
224,0,344,360
224,0,344,360
224,0,344,360
225,0,345,360
225,0,345,360
224,0,344,360
224,0,344,360
223,0,343,360
223,0,343,360
222,0,342,360
221,0,341,360
220,0,340,360
219,0,339,360
218,0,338,360
217,0,337,360
216,0,336,360
215,0,335,360
215,0,335,360
214,0,334,360
214,0,334,360
214,0,334,360
214,0,334,360
215,0,335,360
215,0,335,360
217,0,337,360
218,0,338,360
220,0,340,360
222,0,342,360
224,0,344,360
227,0,347,360
230,0,350,360
233,0,353,360
236,0,356,360
239,0,359,360
243,0,363,360
246,0,366,360
249,0,369,360
252,0,372,360
254,0,374,360
256,0,376,360
258,0,378,360
259,0,379,360
259,0,379,360
259,0,379,360
258,0,378,360
257,0,377,360
256,0,376,360
254,0,374,360
251,0,371,360
249,0,369,360
246,0,366,360
243,0,363,360
241,0,361,360
238,0,358,360
236,0,356,360
234,0,354,360
232,0,352,360
231,0,351,360
230,0,350,360
230,0,350,360
230,0,350,360
231,0,351,360
232,0,352,360
234,0,354,360
237,0,357,360
240,0,360,360
243,0,363,360
247,0,367,360
251,0,371,360
255,0,375,360
260,0,380,360
264,0,384,360
268,0,388,360
273,0,393,360
277,0,397,360
280,0,400,360
284,0,404,360
286,0,406,360
289,0,409,360
291,0,411,360
292,0,412,360
293,0,413,360
293,0,413,360
293,0,413,360
293,0,413,360
292,0,412,360
290,0,410,360
289,0,409,360
287,0,407,360
285,0,405,360
283,0,403,360
281,0,401,360
279,0,399,360
277,0,397,360
276,0,396,360
274,0,394,360
272,0,392,360
271,0,391,360
270,0,390,360
268,0,388,360
267,0,387,360
266,0,386,360
265,0,385,360
265,0,385,360
264,0,384,360
263,0,383,360
262,0,382,360
262,0,382,360
261,0,381,360
260,0,380,360
260,0,380,360
259,0,379,360
258,0,378,360
258,0,378,360
257,0,377,360
256,0,376,360
256,0,376,360
255,0,375,360
254,0,374,360
254,0,374,360
253,0,373,360
253,0,373,360
252,0,372,360
252,0,372,360
252,0,372,360
252,0,372,360
251,0,371,360
251,0,371,360
251,0,371,360
251,0,371,360
251,0,371,360
250,0,370,360
250,0,370,360
250,0,370,360
249,0,369,360
249,0,369,360
248,0,368,360
248,0,368,360
247,0,367,360
247,0,367,360
246,0,366,360
245,0,365,360
245,0,365,360
244,0,364,360
243,0,363,360
243,0,363,360
242,0,362,360
241,0,361,360
240,0,360,360
239,0,359,360
238,0,358,360
237,0,357,360
236,0,356,360
235,0,355,360
234,0,354,360
233,0,353,360
232,0,352,360
231,0,351,360
230,0,350,360
229,0,349,360
228,0,348,360
227,0,347,360
226,0,346,360
225,0,345,360
225,0,345,360
224,0,344,360
223,0,343,360
223,0,343,360
222,0,342,360
221,0,341,360
221,0,341,360
221,0,341,360
220,0,340,360
220,0,340,360
220,0,340,360
220,0,340,360
220,0,340,360
221,0,341,360
221,0,341,360
221,0,341,360
222,0,342,360
223,0,343,360
223,0,343,360
224,0,344,360
225,0,345,360
226,0,346,360
226,0,346,360
227,0,347,360
228,0,348,360
229,0,349,360
229,0,349,360
230,0,350,360
231,0,351,360
231,0,351,360
232,0,352,360
232,0,352,360
233,0,353,360
233,0,353,360
234,0,354,360
234,0,354,360
235,0,355,360
235,0,355,360
235,0,355,360
236,0,356,360
236,0,356,360
237,0,357,360
237,0,357,360
238,0,358,360
238,0,358,360
239,0,359,360
239,0,359,360
240,0,360,360
241,0,361,360
242,0,362,360
242,0,362,360
243,0,363,360
244,0,364,360
245,0,365,360
246,0,366,360
246,0,366,360
247,0,367,360
248,0,368,360
249,0,369,360
249,0,369,360
250,0,370,360
251,0,371,360
252,0,372,360
253,0,373,360
254,0,374,360
254,0,374,360
255,0,375,360
256,0,376,360
257,0,377,360
258,0,378,360
258,0,378,360
259,0,379,360
260,0,380,360
261,0,381,360
262,0,382,360
263,0,383,360
