243,0,363,360
240,0,360,360
238,0,358,360
235,0,355,360
233,0,353,360
231,0,351,360
229,0,349,360
227,0,347,360
225,0,345,360
223,0,343,360
222,0,342,360
220,0,340,360
219,0,339,360
217,0,337,360
216,0,336,360
215,0,335,360
214,0,334,360
213,0,333,360
213,0,333,360
212,0,332,360
211,0,331,360
211,0,331,360
211,0,331,360
210,0,330,360
210,0,330,360
210,0,330,360
210,0,330,360
211,0,331,360
211,0,331,360
212,0,332,360
213,0,333,360
214,0,334,360
215,0,335,360
216,0,336,360
217,0,337,360
218,0,338,360
218,0,338,360
219,0,339,360
219,0,339,360
219,0,339,360
219,0,339,360
219,0,339,360
219,0,339,360
219,0,339,360
218,0,338,360
218,0,338,360
217,0,337,360
216,0,336,360
216,0,336,360
215,0,335,360
214,0,334,360
214,0,334,360
213,0,333,360
212,0,332,360
212,0,332,360
211,0,331,360
210,0,330,360
210,0,330,360
209,0,329,360
209,0,329,360
208,0,328,360
208,0,328,360
208,0,328,360
207,0,327,360
207,0,327,360
207,0,327,360
207,0,327,360
207,0,327,360
207,0,327,360
206,0,326,360
206,0,326,360
206,0,326,360
206,0,326,360
206,0,326,360
206,0,326,360
206,0,326,360
206,0,326,360
207,0,327,360
207,0,327,360
208,0,328,360
209,0,329,360
210,0,330,360
211,0,331,360
213,0,333,360
215,0,335,360
217,0,337,360
219,0,339,360
221,0,341,360
223,0,343,360
225,0,345,360
228,0,348,360
230,0,350,360
232,0,352,360
234,0,354,360
235,0,355,360
237,-354,357,360
239,-347,359,360
240,-341,360,360
241,-336,361,360
242,-331,362,360
243,-328,363,360
244,-325,364,360
245,-323,365,360
245,-321,365,360
246,-320,366,360
247,-320,367,360
248,-319,368,360
249,-319,369,360
251,-318,371,360
252,-318,372,360
254,-317,374,360
256,-317,376,360
257,-316,377,360
259,-315,379,360
261,-315,381,360
262,-314,382,360
263,-314,383,360
263,-314,383,360
262,-315,382,360
261,-316,381,360
259,-317,379,360
256,-319,376,360
252,-322,372,360
248,-325,368,360
242,-329,362,360
236,-333,356,360
230,-339,350,360
222,-345,342,360
214,-352,334,360
205,-359,325,360
195,0,315,360
184,0,304,360
173,0,293,360
161,0,281,360
148,0,268,360
135,0,255,360
121,0,241,360
108,0,228,360
95,0,215,360
83,0,203,360
72,0,192,360
64,0,184,360
57,0,177,360
54,0,174,360
53,0,173,360
55,0,175,360
60,0,180,360
68,0,188,360
77,0,197,360
89,0,209,360
101,0,221,360
114,0,234,360
127,0,247,360
140,0,260,360
152,0,272,360
163,0,283,360
172,0,292,360
179,0,299,360
185,0,305,360
190,0,310,360
192,0,312,360
194,0,314,360
194,0,314,360
192,0,312,360
190,0,310,360
187,0,307,360
183,0,303,360
178,0,298,360
172,0,292,360
165,0,285,360
158,0,278,360
150,0,270,360
141,0,261,360
132,0,252,360
123,0,243,360
114,0,234,360
105,0,225,360
98,0,218,360
91,0,211,360
86,0,206,360
83,0,203,360
82,0,202,360
82,0,202,360
83,0,203,360
86,0,206,360
90,0,210,360
95,0,215,360
99,0,219,360
103,0,223,360
106,0,226,360
109,0,229,360
110,0,230,360
110,0,230,360
109,0,229,360
108,0,228,360
105,0,225,360
102,0,222,360
100,0,220,360
97,0,217,360
95,0,215,360
93,0,213,360
93,0,213,360
93,0,213,360
94,0,214,360
96,0,216,360
99,0,219,360
103,0,223,360
107,0,227,360
112,0,232,360
117,0,237,360
122,0,242,360
127,0,247,360
133,0,253,360
138,0,258,360
143,0,263,360
148,0,268,360
152,0,272,360
156,0,276,360
160,0,280,360
163,0,283,360
165,0,285,360
167,0,287,360
169,0,289,360
170,0,290,360
170,0,290,360
170,0,290,360
168,0,288,360
167,0,287,360
164,0,284,360
161,0,281,360
158,0,278,360
154,0,274,360
150,0,270,360
146,0,266,360
142,0,262,360
138,0,258,360
135,0,255,360
132,0,252,360
129,0,249,360
126,0,246,360
124,0,244,360
122,0,242,360
121,0,241,360
119,0,239,360
118,0,238,360
117,0,237,360
116,0,236,360
116,0,236,360
115,0,235,360
114,0,234,360
114,0,234,360
114,0,234,360
113,0,233,360
113,0,233,360
113,0,233,360
113,0,233,360
113,0,233,360
113,0,233,360
113,0,233,360
112,0,232,360
112,0,232,360
111,0,231,360
110,0,230,360
109,0,229,360
108,0,228,360
107,0,227,360
106,0,226,360
104,0,224,360
103,0,223,360
102,0,222,360
102,0,222,360
101,0,221,360
101,0,221,360
101,0,221,360
101,0,221,360
102,0,222,360
103,0,223,360
104,0,224,360
106,0,226,360
107,0,227,360
109,0,229,360
111,0,231,360
113,0,233,360
116,0,236,360
118,0,238,360
120,0,240,360
123,0,243,360
125,0,245,360
128,0,248,360
130,0,250,360
132,0,252,360
133,0,253,360
134,0,254,360
135,0,255,360
136,0,256,360
136,0,256,360
136,0,256,360
136,0,256,360
135,0,255,360
134,0,254,360
133,0,253,360
131,0,251,360
130,0,250,360
128,0,248,360
126,0,246,360
124,0,244,360
123,0,243,360
121,0,241,360
119,0,239,360
117,0,237,360
116,0,236,360
114,0,234,360
113,0,233,360
111,0,231,360
110,0,230,360
109,0,229,360
108,0,228,360
108,0,228,360
107,0,227,360
107,-358,227,360
106,-357,226,360
106,-355,226,360
106,-353,226,360
106,-352,226,360
106,-351,226,360
106,-349,226,360
105,-348,225,360
105,-347,225,360
105,-346,225,360
105,-345,225,360
104,-344,224,360
104,-344,224,360
104,-343,224,360
104,-343,224,360
103,-344,223,360
103,-344,223,360
103,-345,223,360
104,-345,224,360
104,-347,224,360
104,-348,224,360
105,-349,225,360
105,-351,225,360
106,-353,226,360
106,-355,226,360
107,-357,227,360
107,0,227,360
108,0,228,360
108,0,228,360
108,0,228,360
108,0,228,360
108,0,228,360
107,0,227,360
107,0,227,360
107,0,227,360
106,0,226,360
105,0,225,360
105,0,225,360
104,0,224,360
103,0,223,360
102,0,222,360
101,0,221,360
100,0,220,360
99,0,219,360
98,0,218,360
97,0,217,360
96,0,216,360
94,0,214,360
93,0,213,360
92,0,212,360
92,0,212,360
91,0,211,360
90,0,210,360
89,0,209,360
89,0,209,360
88,0,208,360
88,0,208,360
88,0,208,360
88,0,208,360
88,0,208,360
87,0,207,360
87,0,207,360
87,0,207,360
87,0,207,360
88,0,208,360
88,0,208,360
88,0,208,360
88,0,208,360
89,0,209,360
89,0,209,360
90,0,210,360
90,0,210,360
91,0,211,360
91,0,211,360
92,0,212,360
92,0,212,360
92,0,212,360
92,0,212,360
92,0,212,360
92,0,212,360
92,0,212,360
91,0,211,360
91,0,211,360
91,0,211,360
91,0,211,360
91,0,211,360
91,0,211,360
91,0,211,360
91,0,211,360
92,0,212,360
92,0,212,360
93,0,213,360
94,0,214,360
94,0,214,360
95,0,215,360
95,0,215,360
96,0,216,360
96,0,216,360
96,0,216,360
96,0,216,360
96,0,216,360
96,0,216,360
96,0,216,360
96,0,216,360
96,0,216,360
96,0,216,360
96,0,216,360
96,0,216,360
95,0,215,360
95,0,215,360
95,0,215,360
95,0,215,360
95,0,215,360
94,0,214,360
94,0,214,360
93,0,213,360
93,0,213,360
92,0,212,360
91,0,211,360
91,0,211,360
90,0,210,360
89,0,209,360
89,0,209,360
88,0,208,360
88,0,208,360
88,0,208,360
88,0,208,360
89,0,209,360
90,0,210,360
91,0,211,360
93,0,213,360
96,0,216,360
99,0,219,360
102,0,222,360
106,0,226,360
109,0,229,360
113,0,233,360
118,0,238,360
122,0,242,360
126,0,246,360
130,0,250,360
134,0,254,360
138,0,258,360
142,0,262,360
145,0,265,360
148,0,268,360
151,0,271,360
153,0,273,360
156,0,276,360
158,0,278,360
159,0,279,360
161,0,281,360
161,0,281,360
162,0,282,360
162,0,282,360
162,0,282,360
162,0,282,360
161,0,281,360
159,0,279,360
158,0,278,360
156,0,276,360
155,0,275,360
153,0,273,360
151,0,271,360
150,0,270,360
148,0,268,360
147,0,267,360
147,0,267,360
146,0,266,360
146,0,266,360
147,0,267,360
147,0,267,360
148,0,268,360
149,0,269,360
150,0,270,360
151,0,271,360
152,0,272,360
152,0,272,360
153,0,273,360
153,0,273,360
153,0,273,360
153,0,273,360
153,0,273,360
152,0,272,360
152,0,272,360
151,0,271,360
151,0,271,360
150,0,270,360
149,0,269,360
148,0,268,360
148,0,268,360
147,0,267,360
146,0,266,360
145,0,265,360
144,0,264,360
143,0,263,360
142,0,262,360
141,0,261,360
140,0,260,360
139,0,259,360
138,0,258,360
137,0,257,360
137,0,257,360
136,0,256,360
136,0,256,360
136,0,256,360
136,0,256,360
136,0,256,360
136,0,256,360
136,0,256,360
137,0,257,360
137,0,257,360
138,0,258,360
139,0,259,360
140,0,260,360
140,0,260,360
141,0,261,360
142,0,262,360
143,0,263,360
144,0,264,360
145,0,265,360
146,0,266,360
146,0,266,360
147,0,267,360
147,0,267,360
148,0,268,360
148,0,268,360
148,0,268,360
149,0,269,360
149,0,269,360
149,0,269,360
149,0,269,360
148,0,268,360
148,0,268,360
148,0,268,360
148,0,268,360
148,0,268,360
148,0,268,360
147,0,267,360
147,0,267,360
147,0,267,360
147,0,267,360
147,0,267,360
147,0,267,360
146,0,266,360
146,0,266,360
146,0,266,360
146,0,266,360
147,0,267,360
147,0,267,360
147,0,267,360
147,0,267,360
147,0,267,360
147,0,267,360
147,0,267,360
147,0,267,360
148,0,268,360
148,0,268,360
148,0,268,360
148,0,268,360
149,0,269,360
149,0,269,360
150,0,270,360
151,0,271,360
152,0,272,360
154,0,274,360
156,0,276,360
158,0,278,360
160,0,280,360
162,0,282,360
165,0,285,360
168,0,288,360
171,0,291,360
174,0,294,360
177,0,297,360
180,0,300,360
183,0,303,360
187,0,307,360
190,0,310,360
193,0,313,360
197,0,317,360
200,0,320,360
203,0,323,360
206,0,326,360
209,0,329,360
212,0,332,360
215,0,335,360
217,0,337,360
219,0,339,360
220,0,340,360
221,0,341,360
222,0,342,360
223,0,343,360
223,0,343,360
223,0,343,360
223,0,343,360
223,0,343,360
222,0,342,360
222,0,342,360
221,0,341,360
221,0,341,360
220,0,340,360
220,0,340,360
219,0,339,360
219,0,339,360
219,0,339,360
219,0,339,360
219,0,339,360
219,0,339,360
219,0,339,360
219,0,339,360
219,0,339,360
219,0,339,360
219,0,339,360
219,0,339,360
220,0,340,360
220,0,340,360
220,0,340,360
221,0,341,360
221,0,341,360
222,0,342,360
222,0,342,360
222,0,342,360
222,0,342,360
222,0,342,360
221,0,341,360
221,0,341,360
220,0,340,360
219,0,339,360
218,0,338,360
217,0,337,360
215,0,335,360
214,0,334,360
212,0,332,360
211,0,331,360
209,0,329,360
207,0,327,360
205,0,325,360
203,0,323,360
201,0,321,360
198,0,318,360
196,0,316,360
195,0,315,360
193,0,313,360
191,0,311,360
190,0,310,360
189,0,309,360
189,0,309,360
189,0,309,360
189,0,309,360
189,0,309,360
189,0,309,360
190,0,310,360
190,0,310,360
191,0,311,360
191,0,311,360
191,0,311,360
192,0,312,360
192,0,312,360
192,0,312,360
193,0,313,360
194,0,314,360
194,0,314,360
195,0,315,360
197,0,317,360
198,0,318,360
200,0,320,360
202,0,322,360
205,0,325,360
208,0,328,360
210,0,330,360
213,0,333,360
216,0,336,360
219,0,339,360
222,0,342,360
224,0,344,360
226,0,346,360
227,0,347,360
228,0,348,360
229,0,349,360
228,0,348,360
228,0,348,360
227,0,347,360
225,0,345,360
223,0,343,360
221,0,341,360
218,0,338,360
216,0,336,360
213,0,333,360
211,0,331,360
208,0,328,360
205,0,325,360
202,0,322,360
199,0,319,360
197,0,317,360
194,0,314,360
191,0,311,360
189,0,309,360
186,0,306,360
184,0,304,360
182,0,302,360
180,0,300,360
179,0,299,360
178,0,298,360
177,0,297,360
176,0,296,360
175,0,295,360
174,0,294,360
173,0,293,360
172,0,292,360
171,0,291,360
170,0,290,360
169,0,289,360
168,0,288,360
167,0,287,360
166,0,286,360
165,0,285,360
163,0,283,360
162,0,282,360
161,0,281,360
160,0,280,360
159,0,279,360
157,0,277,360
156,0,276,360
155,0,275,360
153,0,273,360
152,0,272,360
150,0,270,360
149,0,269,360
147,0,267,360
145,0,265,360
144,0,264,360
142,0,262,360
