301,0,421,360
298,0,418,360
296,0,416,360
293,0,413,360
290,0,410,360
287,0,407,360
283,0,403,360
280,0,400,360
277,0,397,360
273,0,393,360
269,0,389,360
265,0,385,360
262,0,382,360
258,0,378,360
254,0,374,360
250,0,370,360
246,0,366,360
241,0,361,360
237,0,357,360
233,0,353,360
229,0,349,360
224,0,344,360
220,0,340,360
216,0,336,360
211,0,331,360
206,0,326,360
201,0,321,360
196,0,316,360
191,0,311,360
185,0,305,360
183,0,303,360
181,0,301,360
181,0,301,360
182,0,302,360
184,0,304,360
186,0,306,360
190,0,310,360
194,0,314,360
199,0,319,360
204,0,324,360
209,0,329,360
213,0,333,360
218,0,338,360
222,0,342,360
225,0,345,360
227,0,347,360
229,0,349,360
230,0,350,360
229,0,349,360
229,0,349,360
228,0,348,360
226,0,346,360
225,0,345,360
223,0,343,360
221,0,341,360
219,0,339,360
217,0,337,360
216,0,336,360
214,0,334,360
212,0,332,360
210,0,330,360
208,0,328,360
206,0,326,360
205,0,325,360
204,0,324,360
204,0,324,360
205,0,325,360
207,0,327,360
211,0,331,360
216,0,336,360
221,0,341,360
228,0,348,360
236,0,356,360
244,0,364,360
252,0,372,360
261,0,381,360
269,0,389,360
277,0,397,360
284,0,404,360
291,0,411,360
297,0,417,360
303,0,423,360
308,0,428,360
313,0,433,360
317,0,437,360
321,0,441,360
325,0,445,360
330,0,450,360
334,0,454,360
338,0,458,360
343,0,463,360
347,0,467,360
351,0,471,360
355,0,475,360
358,0,478,360
361,0,481,360
363,0,483,360
364,0,484,360
365,0,485,360
364,0,484,360
363,0,483,360
361,0,481,360
359,0,479,360
356,0,476,360
354,0,474,360
351,0,471,360
349,-356,469,360
347,-351,467,360
346,-348,466,360
344,-345,464,360
343,-342,463,360
342,-340,462,360
342,-339,462,360
342,-338,462,360
341,-337,461,360
341,-337,461,360
341,-338,461,360
341,-339,461,360
342,-340,462,360
342,-343,462,360
342,-345,462,360
342,-349,462,360
343,-353,463,360
344,-357,464,360
345,0,465,360
345,0,465,360
346,0,466,360
347,0,467,360
348,0,468,360
349,0,469,360
349,0,469,360
350,0,470,360
350,0,470,360
350,0,470,360
350,0,470,360
349,0,469,360
349,0,469,360
349,0,469,360
349,0,469,360
349,0,469,360
349,0,469,360
350,0,470,360
350,0,470,360
351,0,471,360
352,0,472,360
352,0,472,360
353,0,473,360
353,0,473,360
352,0,472,360
350,0,470,360
348,0,468,360
345,0,465,360
342,0,462,360
338,0,458,360
333,0,453,360
328,0,448,360
323,0,443,360
317,0,437,360
312,0,432,360
307,0,427,360
303,0,423,360
299,0,419,360
295,0,415,360
292,0,412,360
289,0,409,360
287,0,407,360
286,0,406,360
284,0,404,360
284,0,404,360
283,0,403,360
284,0,404,360
285,0,405,360
286,-357,406,360
288,-353,408,360
290,-350,410,360
293,-347,413,360
297,-345,417,360
301,-343,421,360
305,-342,425,360
310,-341,430,360
314,-341,434,360
319,-341,439,360
324,-341,444,360
328,-342,448,360
332,-344,452,360
335,-346,455,360
337,-348,457,360
339,-351,459,360
340,-355,460,360
340,-358,460,360
340,0,460,360
339,0,459,360
337,0,457,360
336,0,456,360
335,0,455,360
333,0,453,360
332,0,452,360
331,0,451,360
330,0,450,360
329,0,449,360
328,0,448,360
328,0,448,360
327,0,447,360
327,0,447,360
327,0,447,360
326,0,446,360
326,0,446,360
325,0,445,360
325,0,445,360
325,0,445,360
324,0,444,360
324,0,444,360
324,0,444,360
324,0,444,360
323,0,443,360
324,0,444,360
324,0,444,360
324,0,444,360
324,0,444,360
325,0,445,360
325,0,445,360
325,0,445,360
326,0,446,360
326,0,446,360
327,0,447,360
327,0,447,360
327,0,447,360
327,0,447,360
327,0,447,360
327,0,447,360
327,0,447,360
327,0,447,360
327,0,447,360
327,0,447,360
327,0,447,360
326,0,446,360
326,0,446,360
326,0,446,360
325,0,445,360
325,0,445,360
324,0,444,360
324,0,444,360
323,0,443,360
322,0,442,360
322,0,442,360
321,0,441,360
320,0,440,360
319,0,439,360
318,0,438,360
317,0,437,360
316,0,436,360
315,0,435,360
314,0,434,360
314,0,434,360
313,0,433,360
312,0,432,360
311,0,431,360
310,0,430,360
309,0,429,360
308,0,428,360
307,0,427,360
306,0,426,360
305,0,425,360
304,0,424,360
303,0,423,360
302,0,422,360
301,0,421,360
301,0,421,360
300,0,420,360
300,0,420,360
300,0,420,360
300,0,420,360
301,0,421,360
301,0,421,360
302,0,422,360
303,0,423,360
304,0,424,360
305,0,425,360
306,0,426,360
307,-358,427,360
308,-354,428,360
309,-351,429,360
309,-348,429,360
309,-345,429,360
310,-343,430,360
310,-341,430,360
310,-340,430,360
309,-339,429,360
309,-338,429,360
308,-338,428,360
308,-339,428,360
307,-340,427,360
306,-341,426,360
304,-343,424,360
303,-345,423,360
301,-348,421,360
300,-351,420,360
298,-355,418,360
296,-359,416,360
294,0,414,360
292,0,412,360
291,0,411,360
289,0,409,360
287,0,407,360
286,0,406,360
285,0,405,360
284,0,404,360
283,0,403,360
282,0,402,360
282,0,402,360
281,0,401,360
281,0,401,360
281,0,401,360
281,0,401,360
281,0,401,360
281,0,401,360
282,0,402,360
283,0,403,360
284,0,404,360
285,0,405,360
286,0,406,360
287,0,407,360
289,0,409,360
290,0,410,360
292,0,412,360
293,0,413,360
295,0,415,360
296,-356,416,360
297,-352,417,360
298,-348,418,360
299,-344,419,360
299,-341,419,360
299,-339,419,360
300,-337,420,360
300,-335,420,360
300,-334,420,360
300,-334,420,360
299,-334,419,360
299,-334,419,360
298,-335,418,360
298,-337,418,360
297,-339,417,360
296,-341,416,360
295,-344,415,360
293,-348,413,360
292,-352,412,360
290,-356,410,360
288,0,408,360
287,0,407,360
285,0,405,360
283,0,403,360
281,0,401,360
279,0,399,360
278,0,398,360
277,0,397,360
276,0,396,360
275,0,395,360
274,0,394,360
274,0,394,360
273,0,393,360
273,0,393,360
273,0,393,360
272,0,392,360
272,0,392,360
271,0,391,360
271,0,391,360
270,0,390,360
269,0,389,360
268,0,388,360
268,0,388,360
267,0,387,360
266,0,386,360
265,0,385,360
264,0,384,360
264,0,384,360
263,0,383,360
263,0,383,360
262,0,382,360
262,0,382,360
262,0,382,360
261,0,381,360
261,0,381,360
261,0,381,360
260,0,380,360
260,0,380,360
259,0,379,360
259,0,379,360
259,0,379,360
259,0,379,360
258,0,378,360
258,0,378,360
258,0,378,360
258,0,378,360
258,0,378,360
257,0,377,360
257,0,377,360
257,0,377,360
256,0,376,360
256,0,376,360
255,0,375,360
255,0,375,360
254,0,374,360
253,0,373,360
252,0,372,360
251,0,371,360
251,0,371,360
250,0,370,360
249,0,369,360
248,0,368,360
247,0,367,360
247,0,367,360
246,0,366,360
245,0,365,360
245,0,365,360
245,0,365,360
245,0,365,360
244,0,364,360
244,0,364,360
244,0,364,360
244,0,364,360
245,0,365,360
245,0,365,360
245,0,365,360
245,0,365,360
246,0,366,360
246,0,366,360
247,0,367,360
247,0,367,360
248,0,368,360
248,0,368,360
248,0,368,360
248,0,368,360
248,0,368,360
248,0,368,360
247,0,367,360
246,0,366,360
245,0,365,360
244,0,364,360
242,0,362,360
241,0,361,360
239,0,359,360
237,0,357,360
236,0,356,360
235,0,355,360
234,0,354,360
234,0,354,360
234,0,354,360
235,0,355,360
237,0,357,360
239,0,359,360
242,0,362,360
246,0,366,360
250,0,370,360
254,0,374,360
259,0,379,360
264,0,384,360
269,-356,389,360
275,-348,395,360
281,-340,401,360
287,-332,407,360
293,-324,413,360
298,-316,418,360
304,-308,424,360
310,-300,430,360
316,-293,436,360
321,-286,441,360
326,-279,446,360
331,-273,451,360
335,-268,455,360
338,-263,458,360
341,-259,461,360
344,-256,464,360
346,-253,466,360
347,-252,467,360
348,-251,468,360
348,-251,468,360
348,-252,468,360
347,-253,467,360
347,-254,467,360
346,-256,466,360
345,-257,465,360
344,-259,464,360
343,-261,463,360
342,-262,462,360
342,-263,462,360
341,-264,461,360
341,-264,461,360
341,-264,461,360
341,-265,461,360
341,-265,461,360
341,-265,461,360
341,-265,461,360
341,-265,461,360
341,-265,461,360
341,-265,461,360
341,-265,461,360
341,-265,461,360
341,-265,461,360
341,-265,461,360
341,-265,461,360
342,-264,462,360
343,-263,463,360
344,-262,464,360
345,-261,465,360
346,-260,466,360
347,-259,467,360
348,-258,468,360
349,-257,469,360
350,-256,470,360
349,-256,469,360
349,-257,469,360
348,-258,468,360
346,-260,466,360
343,-263,463,360
340,-266,460,360
336,-271,456,360
331,-276,451,360
326,-282,446,360
320,-288,440,360
314,-295,434,360
308,-303,428,360
301,-311,421,360
294,-319,414,360
286,-327,406,360
278,-336,398,360
271,-345,391,360
263,-353,383,360
255,0,375,360
247,0,367,360
239,0,359,360
232,0,352,360
225,0,345,360
218,0,338,360
212,0,332,360
206,0,326,360
200,0,320,360
196,0,316,360
192,0,312,360
189,0,309,360
186,0,306,360
184,0,304,360
183,0,303,360
182,0,302,360
182,0,302,360
182,0,302,360
182,0,302,360
182,0,302,360
182,0,302,360
182,0,302,360
183,0,303,360
183,0,303,360
183,0,303,360
183,0,303,360
183,0,303,360
183,0,303,360
183,0,303,360
183,0,303,360
183,0,303,360
183,0,303,360
183,0,303,360
183,0,303,360
183,0,303,360
183,0,303,360
183,0,303,360
183,0,303,360
183,0,303,360
183,0,303,360
182,0,302,360
182,0,302,360
181,0,301,360
181,0,301,360
180,0,300,360
180,0,300,360
179,0,299,360
178,0,298,360
177,0,297,360
177,0,297,360
176,0,296,360
175,0,295,360
174,0,294,360
173,0,293,360
172,0,292,360
172,0,292,360
171,0,291,360
171,0,291,360
170,0,290,360
170,0,290,360
169,0,289,360
169,0,289,360
168,0,288,360
168,0,288,360
167,0,287,360
167,0,287,360
166,0,286,360
166,0,286,360
165,0,285,360
164,0,284,360
164,0,284,360
163,0,283,360
163,0,283,360
162,0,282,360
162,0,282,360
161,0,281,360
161,0,281,360
160,0,280,360
160,0,280,360
159,0,279,360
159,0,279,360
158,0,278,360
157,0,277,360
156,0,276,360
155,0,275,360
154,0,274,360
153,0,273,360
152,0,272,360
151,0,271,360
150,0,270,360
149,0,269,360
149,0,269,360
148,0,268,360
148,0,268,360
147,0,267,360
147,0,267,360
147,0,267,360
147,0,267,360
147,0,267,360
147,0,267,360
147,0,267,360
147,0,267,360
147,0,267,360
147,0,267,360
146,0,266,360
146,0,266,360
146,0,266,360
145,0,265,360
145,0,265,360
145,0,265,360
145,0,265,360
145,0,265,360
145,0,265,360
144,0,264,360
144,0,264,360
143,0,263,360
142,0,262,360
140,0,260,360
138,0,258,360
136,0,256,360
133,0,253,360
131,0,251,360
129,0,249,360
127,0,247,360
125,0,245,360
125,0,245,360
125,0,245,360
127,0,247,360
130,0,250,360
134,0,254,360
138,0,258,360
144,0,264,360
150,0,270,360
157,0,277,360
164,0,284,360
171,0,291,360
177,0,297,360
181,0,301,360
184,0,304,360
186,0,306,360
188,0,308,360
189,0,309,360
189,0,309,360
189,0,309,360
189,0,309,360
189,0,309,360
188,0,308,360
187,0,307,360
185,0,305,360
183,0,303,360
181,0,301,360
178,0,298,360
175,0,295,360
171,0,291,360
167,0,287,360
162,0,282,360
157,0,277,360
151,0,271,360
144,0,264,360
138,0,258,360
130,0,250,360
122,0,242,360
114,0,234,360
105,0,225,360
