424,0,544,360
424,0,544,360
423,0,543,360
423,0,543,360
422,0,542,360
422,0,542,360
421,0,541,360
421,0,541,360
421,0,541,360
421,0,541,360
420,0,540,360
420,0,540,360
420,0,540,360
420,0,540,360
420,0,540,360
420,0,540,360
419,0,539,360
419,0,539,360
419,0,539,360
419,0,539,360
419,0,539,360
419,0,539,360
419,0,539,360
420,0,540,360
420,0,540,360
420,0,540,360
420,0,540,360
420,0,540,360
421,0,541,360
421,0,541,360
421,0,541,360
422,0,542,360
422,0,542,360
422,0,542,360
422,0,542,360
423,0,543,360
423,0,543,360
423,0,543,360
423,0,543,360
423,0,543,360
423,0,543,360
423,0,543,360
423,0,543,360
423,0,543,360
422,0,542,360
422,0,542,360
422,0,542,360
422,0,542,360
421,0,541,360
421,0,541,360
421,0,541,360
420,0,540,360
420,0,540,360
419,0,539,360
419,0,539,360
419,0,539,360
418,0,538,360
418,0,538,360
418,0,538,360
417,0,537,360
417,0,537,360
417,0,537,360
416,0,536,360
416,0,536,360
416,0,536,360
416,0,536,360
416,0,536,360
415,0,535,360
415,0,535,360
415,0,535,360
415,0,535,360
415,0,535,360
415,0,535,360
415,0,535,360
415,0,535,360
416,0,536,360
416,0,536,360
416,0,536,360
417,0,537,360
417,0,537,360
418,0,538,360
418,0,538,360
419,0,539,360
419,0,539,360
419,0,539,360
420,0,540,360
420,0,540,360
420,0,540,360
420,0,540,360
420,0,540,360
420,0,540,360
420,0,540,360
420,0,540,360
420,0,540,360
420,0,540,360
420,0,540,360
420,0,540,360
420,0,540,360
420,0,540,360
420,0,540,360
419,0,539,360
419,0,539,360
419,0,539,360
419,0,539,360
419,0,539,360
419,0,539,360
419,0,539,360
419,0,539,360
420,0,540,360
420,0,540,360
420,0,540,360
420,0,540,360
420,0,540,360
420,0,540,360
421,0,541,360
421,0,541,360
421,0,541,360
421,0,541,360
422,0,542,360
422,0,542,360
422,0,542,360
422,0,542,360
422,0,542,360
422,0,542,360
422,0,542,360
422,0,542,360
422,0,542,360
421,0,541,360
421,0,541,360
421,0,541,360
421,0,541,360
421,0,541,360
421,0,541,360
421,0,541,360
421,0,541,360
421,0,541,360
421,0,541,360
422,0,542,360
422,0,542,360
422,0,542,360
422,0,542,360
422,0,542,360
422,0,542,360
423,0,543,360
423,0,543,360
423,0,543,360
423,0,543,360
423,0,543,360
423,0,543,360
423,0,543,360
423,0,543,360
424,0,544,360
424,0,544,360
424,0,544,360
424,0,544,360
424,0,544,360
424,0,544,360
424,0,544,360
424,0,544,360
424,0,544,360
425,0,545,360
425,0,545,360
424,0,544,360
424,0,544,360
424,0,544,360
424,0,544,360
424,0,544,360
425,0,545,360
425,0,545,360
426,0,546,360
427,0,547,360
428,0,548,360
430,0,550,360
432,0,552,360
433,0,553,360
435,0,555,360
437,0,557,360
439,0,559,360
440,0,560,360
440,0,560,360
440,0,560,360
439,0,559,360
437,0,557,360
434,0,554,360
431,0,551,360
426,0,546,360
421,0,541,360
414,0,534,360
407,0,527,360
399,0,519,360
390,0,510,360
381,0,501,360
371,0,491,360
361,0,481,360
350,0,470,360
338,0,458,360
327,0,447,360
316,0,436,360
305,0,425,360
294,0,414,360
284,0,404,360
275,0,395,360
268,0,388,360
261,0,381,360
256,0,376,360
252,0,372,360
250,0,370,360
249,0,369,360
250,0,370,360
251,0,371,360
255,0,375,360
259,0,379,360
264,0,384,360
270,0,390,360
277,0,397,360
284,0,404,360
291,0,411,360
298,0,418,360
305,0,425,360
312,0,432,360
318,0,438,360
323,0,443,360
328,0,448,360
332,0,452,360
336,0,456,360
338,0,458,360
340,0,460,360
341,0,461,360
342,0,462,360
343,0,463,360
343,0,463,360
344,0,464,360
344,0,464,360
345,0,465,360
346,0,466,360
347,0,467,360
349,0,469,360
351,0,471,360
354,0,474,360
357,0,477,360
361,0,481,360
366,0,486,360
371,0,491,360
377,0,497,360
382,0,502,360
388,0,508,360
394,0,514,360
400,0,520,360
406,0,526,360
412,0,532,360
417,0,537,360
422,0,542,360
427,0,547,360
432,0,552,360
436,0,556,360
440,0,560,360
443,0,563,360
446,0,566,360
448,0,568,360
450,0,570,360
451,0,571,360
451,0,571,360
451,0,571,360
451,0,571,360
450,0,570,360
449,0,569,360
447,0,567,360
446,0,566,360
445,0,565,360
444,0,564,360
443,0,563,360
442,0,562,360
441,0,561,360
441,0,561,360
441,0,561,360
441,0,561,360
442,0,562,360
442,0,562,360
443,0,563,360
444,0,564,360
445,0,565,360
447,0,567,360
448,0,568,360
450,0,570,360
451,0,571,360
453,0,573,360
453,0,573,360
454,0,574,360
453,0,573,360
452,0,572,360
450,0,570,360
447,0,567,360
443,0,563,360
438,0,558,360
432,0,552,360
425,0,545,360
417,0,537,360
409,0,529,360
400,0,520,360
391,0,511,360
381,0,501,360
371,0,491,360
361,0,481,360
351,0,471,360
341,0,461,360
331,0,451,360
321,0,441,360
311,0,431,360
302,0,422,360
293,0,413,360
284,0,404,360
277,0,397,360
270,0,390,360
264,0,384,360
259,0,379,360
254,0,374,360
251,0,371,360
249,0,369,360
248,0,368,360
247,0,367,360
247,0,367,360
248,0,368,360
249,0,369,360
250,0,370,360
251,0,371,360
253,0,373,360
254,0,374,360
255,0,375,360
255,0,375,360
256,0,376,360
256,0,376,360
256,0,376,360
256,0,376,360
255,0,375,360
255,0,375,360
255,0,375,360
254,0,374,360
254,0,374,360
254,0,374,360
254,0,374,360
254,0,374,360
255,0,375,360
255,0,375,360
255,0,375,360
255,0,375,360
256,0,376,360
256,0,376,360
256,0,376,360
256,0,376,360
256,0,376,360
257,0,377,360
257,0,377,360
257,0,377,360
258,0,378,360
258,0,378,360
259,0,379,360
259,0,379,360
260,0,380,360
260,0,380,360
261,0,381,360
261,0,381,360
260,0,380,360
260,0,380,360
259,0,379,360
258,0,378,360
257,0,377,360
256,0,376,360
255,0,375,360
255,0,375,360
254,0,374,360
255,0,375,360
256,0,376,360
258,0,378,360
261,0,381,360
265,0,385,360
269,0,389,360
274,0,394,360
279,0,399,360
284,0,404,360
289,0,409,360
294,0,414,360
298,0,418,360
302,0,422,360
304,0,424,360
306,0,426,360
308,0,428,360
309,0,429,360
309,0,429,360
310,0,430,360
310,0,430,360
311,0,431,360
311,0,431,360
313,0,433,360
314,0,434,360
317,0,437,360
320,0,440,360
323,0,443,360
327,0,447,360
332,0,452,360
337,0,457,360
342,0,462,360
348,0,468,360
353,0,473,360
359,0,479,360
365,0,485,360
370,0,490,360
376,0,496,360
381,0,501,360
387,0,507,360
392,0,512,360
397,0,517,360
403,0,523,360
407,0,527,360
412,0,532,360
416,0,536,360
420,0,540,360
422,0,542,360
424,0,544,360
424,0,544,360
424,0,544,360
421,0,541,360
418,0,538,360
414,0,534,360
408,0,528,360
401,0,521,360
394,0,514,360
386,0,506,360
378,0,498,360
370,0,490,360
362,0,482,360
354,0,474,360
347,0,467,360
341,0,461,360
334,0,454,360
329,0,449,360
324,0,444,360
319,0,439,360
315,0,435,360
311,0,431,360
307,0,427,360
303,0,423,360
300,0,420,360
296,0,416,360
292,0,412,360
288,0,408,360
284,0,404,360
280,0,400,360
277,0,397,360
273,0,393,360
271,0,391,360
268,0,388,360
267,0,387,360
266,0,386,360
266,0,386,360
266,0,386,360
267,0,387,360
267,0,387,360
268,0,388,360
269,0,389,360
269,0,389,360
269,0,389,360
269,0,389,360
268,0,388,360
266,0,386,360
265,0,385,360
264,0,384,360
262,0,382,360
262,0,382,360
262,0,382,360
264,0,384,360
266,0,386,360
270,0,390,360
275,0,395,360
282,0,402,360
289,0,409,360
298,0,418,360
307,0,427,360
316,0,436,360
326,0,446,360
335,0,455,360
344,0,464,360
353,0,473,360
360,0,480,360
367,0,487,360
373,0,493,360
378,0,498,360
382,0,502,360
384,0,504,360
386,0,506,360
386,0,506,360
385,0,505,360
384,0,504,360
381,0,501,360
377,0,497,360
372,0,492,360
366,0,486,360
359,0,479,360
351,0,471,360
342,0,462,360
334,0,454,360
324,0,444,360
315,0,435,360
306,0,426,360
298,0,418,360
290,0,410,360
283,0,403,360
277,0,397,360
272,0,392,360
268,0,388,360
265,0,385,360
264,0,384,360
264,0,384,360
264,0,384,360
265,0,385,360
267,0,387,360
268,0,388,360
270,0,390,360
272,0,392,360
274,0,394,360
275,0,395,360
276,0,396,360
277,0,397,360
277,0,397,360
277,0,397,360
277,0,397,360
277,0,397,360
277,0,397,360
276,0,396,360
276,0,396,360
276,0,396,360
276,0,396,360
276,0,396,360
276,0,396,360
276,0,396,360
276,0,396,360
276,0,396,360
276,0,396,360
276,0,396,360
276,0,396,360
276,0,396,360
276,0,396,360
276,0,396,360
276,0,396,360
276,0,396,360
276,0,396,360
276,0,396,360
276,0,396,360
276,0,396,360
276,0,396,360
276,0,396,360
276,0,396,360
277,0,397,360
277,0,397,360
277,0,397,360
277,0,397,360
277,0,397,360
278,0,398,360
278,0,398,360
278,0,398,360
279,0,399,360
279,0,399,360
279,0,399,360
280,0,400,360
280,0,400,360
280,0,400,360
281,0,401,360
281,0,401,360
282,0,402,360
282,0,402,360
283,0,403,360
283,0,403,360
284,0,404,360
284,0,404,360
284,0,404,360
285,0,405,360
285,0,405,360
286,0,406,360
286,0,406,360
286,0,406,360
287,0,407,360
287,0,407,360
287,0,407,360
287,0,407,360
287,0,407,360
288,0,408,360
288,0,408,360
288,0,408,360
288,0,408,360
288,0,408,360
289,0,409,360
289,0,409,360
289,0,409,360
289,0,409,360
289,0,409,360
288,0,408,360
288,0,408,360
287,0,407,360
286,0,406,360
285,0,405,360
283,0,403,360
282,0,402,360
281,0,401,360
280,0,400,360
279,0,399,360
280,0,400,360
280,0,400,360
282,0,402,360
284,0,404,360
287,0,407,360
290,0,410,360
294,0,414,360
298,0,418,360
302,0,422,360
306,0,426,360
311,0,431,360
315,0,435,360
318,0,438,360
322,0,442,360
325,0,445,360
327,0,447,360
329,0,449,360
331,0,451,360
332,0,452,360
333,0,453,360
333,0,453,360
333,0,453,360
332,0,452,360
332,0,452,360
330,0,450,360
329,0,449,360
326,0,446,360
323,0,443,360
320,0,440,360
317,0,437,360
313,0,433,360
308,0,428,360
304,0,424,360
300,0,420,360
296,0,416,360
292,0,412,360
288,0,408,360
286,0,406,360
283,0,403,360
282,0,402,360
281,0,401,360
280,0,400,360
280,0,400,360
280,0,400,360
281,0,401,360
281,0,401,360
282,0,402,360
283,0,403,360
283,0,403,360
283,0,403,360
283,0,403,360
283,0,403,360
283,0,403,360
282,0,402,360
282,0,402,360
282,0,402,360
281,0,401,360
281,0,401,360
281,0,401,360
281,0,401,360
281,0,401,360
281,0,401,360
281,0,401,360
281,0,401,360
281,0,401,360
281,0,401,360
281,0,401,360
281,0,401,360
281,0,401,360
281,0,401,360
282,0,402,360
282,0,402,360
282,0,402,360
282,0,402,360
282,0,402,360
282,0,402,360
282,0,402,360
282,0,402,360
282,0,402,360
282,0,402,360
282,0,402,360
282,0,402,360
281,0,401,360
281,0,401,360
281,0,401,360
281,0,401,360
280,0,400,360
280,0,400,360
280,0,400,360
280,0,400,360
280,0,400,360
279,0,399,360
279,0,399,360
279,0,399,360
279,0,399,360
278,0,398,360
278,0,398,360
278,0,398,360
277,0,397,360
277,0,397,360
276,0,396,360
276,0,396,360
275,0,395,360
275,0,395,360
274,0,394,360
274,0,394,360
273,0,393,360
273,0,393,360
273,0,393,360
273,0,393,360
272,0,392,360
272,0,392,360
272,0,392,360
272,0,392,360
272,0,392,360
271,0,391,360
271,0,391,360
271,0,391,360
271,0,391,360
271,0,391,360
270,0,390,360
270,0,390,360
270,0,390,360
270,0,390,360
270,0,390,360
270,0,390,360
269,0,389,360
269,0,389,360
269,0,389,360
269,0,389,360
269,0,389,360
268,0,388,360
268,0,388,360
268,0,388,360
268,0,388,360
267,0,387,360
267,0,387,360
267,0,387,360
266,0,386,360
266,0,386,360
266,0,386,360
266,0,386,360
265,0,385,360
265,0,385,360
265,0,385,360
264,0,384,360
264,0,384,360
264,0,384,360
263,0,383,360
263,0,383,360
263,0,383,360
262,0,382,360
262,0,382,360
262,0,382,360
261,0,381,360
261,0,381,360
261,0,381,360
260,0,380,360
260,0,380,360
260,0,380,360
259,0,379,360
259,0,379,360
