272,0,392,360
275,0,395,360
277,0,397,360
279,0,399,360
281,0,401,360
283,0,403,360
285,0,405,360
287,0,407,360
288,0,408,360
290,0,410,360
291,0,411,360
292,0,412,360
293,0,413,360
294,0,414,360
295,0,415,360
295,0,415,360
296,0,416,360
296,0,416,360
296,0,416,360
297,0,417,360
296,0,416,360
296,0,416,360
296,0,416,360
296,0,416,360
295,0,415,360
294,0,414,360
294,0,414,360
293,0,413,360
291,0,411,360
290,0,410,360
288,0,408,360
286,0,406,360
284,0,404,360
282,0,402,360
280,0,400,360
278,0,398,360
276,0,396,360
274,0,394,360
272,0,392,360
270,0,390,360
268,0,388,360
266,0,386,360
265,0,385,360
263,0,383,360
262,0,382,360
261,0,381,360
260,0,380,360
259,0,379,360
258,0,378,360
258,0,378,360
258,0,378,360
257,0,377,360
257,0,377,360
257,0,377,360
257,0,377,360
257,0,377,360
257,0,377,360
257,0,377,360
257,0,377,360
256,0,376,360
256,0,376,360
255,0,375,360
255,0,375,360
254,0,374,360
253,0,373,360
253,0,373,360
252,0,372,360
251,0,371,360
250,0,370,360
248,0,368,360
247,0,367,360
245,0,365,360
244,0,364,360
242,0,362,360
240,0,360,360
238,0,358,360
236,0,356,360
234,0,354,360
232,0,352,360
230,0,350,360
229,0,349,360
227,0,347,360
226,0,346,360
224,0,344,360
223,0,343,360
223,0,343,360
222,0,342,360
222,0,342,360
222,0,342,360
221,0,341,360
221,0,341,360
221,0,341,360
222,0,342,360
222,0,342,360
222,0,342,360
222,0,342,360
222,0,342,360
223,0,343,360
223,0,343,360
224,0,344,360
224,0,344,360
225,0,345,360
226,0,346,360
227,0,347,360
229,0,349,360
230,0,350,360
231,0,351,360
232,0,352,360
234,0,354,360
235,0,355,360
236,0,356,360
237,0,357,360
238,0,358,360
239,0,359,360
240,0,360,360
240,0,360,360
241,0,361,360
242,0,362,360
243,0,363,360
243,0,363,360
244,0,364,360
245,0,365,360
246,0,366,360
247,0,367,360
247,0,367,360
248,0,368,360
249,0,369,360
249,0,369,360
249,0,369,360
249,0,369,360
249,0,369,360
249,0,369,360
249,0,369,360
248,0,368,360
248,0,368,360
247,0,367,360
247,0,367,360
246,0,366,360
246,0,366,360
246,0,366,360
246,0,366,360
246,0,366,360
246,0,366,360
246,0,366,360
247,0,367,360
247,0,367,360
248,0,368,360
249,0,369,360
249,0,369,360
250,0,370,360
251,0,371,360
252,0,372,360
254,0,374,360
255,0,375,360
256,0,376,360
257,0,377,360
258,0,378,360
259,0,379,360
259,0,379,360
260,0,380,360
261,0,381,360
261,0,381,360
261,0,381,360
261,0,381,360
261,0,381,360
261,0,381,360
261,0,381,360
261,0,381,360
260,0,380,360
260,0,380,360
259,0,379,360
259,0,379,360
258,0,378,360
258,0,378,360
258,0,378,360
257,0,377,360
257,0,377,360
257,0,377,360
257,0,377,360
257,0,377,360
257,0,377,360
258,0,378,360
258,0,378,360
259,0,379,360
259,0,379,360
260,0,380,360
261,0,381,360
262,0,382,360
262,0,382,360
263,0,383,360
264,0,384,360
265,0,385,360
265,0,385,360
266,0,386,360
267,0,387,360
267,0,387,360
267,0,387,360
268,0,388,360
268,0,388,360
268,0,388,360
268,0,388,360
268,0,388,360
269,0,389,360
269,0,389,360
269,0,389,360
269,0,389,360
270,0,390,360
270,0,390,360
271,0,391,360
271,0,391,360
272,0,392,360
272,0,392,360
273,0,393,360
274,0,394,360
274,0,394,360
274,0,394,360
275,0,395,360
275,0,395,360
276,0,396,360
276,0,396,360
276,0,396,360
277,0,397,360
277,0,397,360
277,0,397,360
277,0,397,360
277,0,397,360
277,0,397,360
277,0,397,360
277,0,397,360
277,0,397,360
276,0,396,360
276,0,396,360
275,0,395,360
274,0,394,360
274,0,394,360
273,0,393,360
272,0,392,360
272,0,392,360
271,0,391,360
270,0,390,360
270,0,390,360
269,0,389,360
269,0,389,360
268,0,388,360
268,0,388,360
268,0,388,360
267,0,387,360
267,0,387,360
267,0,387,360
267,0,387,360
266,0,386,360
266,0,386,360
266,0,386,360
266,0,386,360
266,0,386,360
266,0,386,360
267,0,387,360
267,0,387,360
267,0,387,360
268,0,388,360
268,0,388,360
269,0,389,360
269,0,389,360
270,0,390,360
270,0,390,360
270,0,390,360
271,0,391,360
271,0,391,360
271,0,391,360
271,0,391,360
271,0,391,360
272,0,392,360
272,0,392,360
272,0,392,360
272,0,392,360
272,0,392,360
272,0,392,360
271,0,391,360
271,0,391,360
271,0,391,360
271,0,391,360
271,0,391,360
271,0,391,360
270,0,390,360
270,0,390,360
270,0,390,360
270,0,390,360
270,0,390,360
269,0,389,360
269,0,389,360
269,0,389,360
269,0,389,360
269,0,389,360
269,0,389,360
269,0,389,360
269,0,389,360
269,0,389,360
269,0,389,360
269,0,389,360
270,0,390,360
270,0,390,360
270,0,390,360
270,0,390,360
270,0,390,360
270,0,390,360
270,0,390,360
270,0,390,360
270,0,390,360
270,0,390,360
270,0,390,360
270,0,390,360
270,0,390,360
270,0,390,360
270,0,390,360
270,0,390,360
270,0,390,360
270,0,390,360
270,0,390,360
270,0,390,360
270,0,390,360
270,0,390,360
270,0,390,360
270,0,390,360
270,0,390,360
270,0,390,360
270,0,390,360
270,0,390,360
270,0,390,360
270,0,390,360
270,0,390,360
271,0,391,360
271,0,391,360
271,0,391,360
271,0,391,360
271,0,391,360
272,0,392,360
272,0,392,360
272,0,392,360
273,0,393,360
273,0,393,360
273,0,393,360
273,0,393,360
273,0,393,360
273,0,393,360
273,0,393,360
273,0,393,360
273,0,393,360
272,0,392,360
272,0,392,360
271,0,391,360
271,0,391,360
270,0,390,360
270,0,390,360
270,0,390,360
270,0,390,360
270,0,390,360
270,0,390,360
270,0,390,360
271,0,391,360
272,0,392,360
273,0,393,360
273,0,393,360
274,0,394,360
275,0,395,360
275,0,395,360
275,0,395,360
274,0,394,360
273,0,393,360
272,0,392,360
270,0,390,360
268,0,388,360
265,0,385,360
263,0,383,360
260,0,380,360
258,0,378,360
256,0,376,360
254,0,374,360
252,0,372,360
250,0,370,360
248,0,368,360
247,0,367,360
246,0,366,360
246,0,366,360
245,0,365,360
245,0,365,360
244,0,364,360
244,0,364,360
244,0,364,360
245,0,365,360
245,0,365,360
246,0,366,360
247,0,367,360
249,0,369,360
251,0,371,360
253,0,373,360
255,0,375,360
258,0,378,360
260,0,380,360
262,0,382,360
265,0,385,360
267,0,387,360
269,0,389,360
270,0,390,360
271,0,391,360
272,0,392,360
272,0,392,360
272,0,392,360
271,0,391,360
271,0,391,360
270,0,390,360
269,0,389,360
269,0,389,360
268,0,388,360
268,0,388,360
268,0,388,360
267,0,387,360
268,0,388,360
268,0,388,360
268,0,388,360
268,0,388,360
269,0,389,360
269,0,389,360
269,0,389,360
270,0,390,360
270,0,390,360
270,0,390,360
270,0,390,360
270,0,390,360
270,0,390,360
271,0,391,360
271,0,391,360
271,0,391,360
271,0,391,360
271,0,391,360
272,0,392,360
272,0,392,360
272,0,392,360
273,0,393,360
273,0,393,360
273,0,393,360
273,0,393,360
273,0,393,360
273,0,393,360
273,0,393,360
273,0,393,360
273,0,393,360
272,0,392,360
272,0,392,360
271,0,391,360
270,0,390,360
270,0,390,360
269,0,389,360
269,0,389,360
268,0,388,360
268,0,388,360
268,0,388,360
268,0,388,360
268,0,388,360
268,0,388,360
268,0,388,360
268,0,388,360
269,0,389,360
269,0,389,360
269,0,389,360
270,0,390,360
270,0,390,360
270,0,390,360
270,0,390,360
271,0,391,360
271,0,391,360
271,0,391,360
271,0,391,360
272,0,392,360
272,0,392,360
272,0,392,360
272,0,392,360
272,0,392,360
272,0,392,360
272,0,392,360
272,0,392,360
272,0,392,360
271,0,391,360
271,0,391,360
271,0,391,360
271,0,391,360
271,0,391,360
271,0,391,360
271,0,391,360
271,0,391,360
272,0,392,360
272,0,392,360
273,0,393,360
273,0,393,360
274,0,394,360
275,0,395,360
275,0,395,360
276,0,396,360
277,0,397,360
277,0,397,360
277,0,397,360
278,0,398,360
278,0,398,360
278,0,398,360
278,0,398,360
278,0,398,360
278,0,398,360
277,0,397,360
277,0,397,360
277,0,397,360
277,0,397,360
276,0,396,360
276,0,396,360
276,0,396,360
276,0,396,360
276,0,396,360
276,0,396,360
275,0,395,360
275,0,395,360
275,0,395,360
276,0,396,360
276,0,396,360
276,0,396,360
276,0,396,360
277,0,397,360
277,0,397,360
278,0,398,360
278,0,398,360
279,0,399,360
280,0,400,360
281,0,401,360
281,0,401,360
282,0,402,360
283,0,403,360
283,0,403,360
284,0,404,360
284,0,404,360
285,0,405,360
285,0,405,360
285,0,405,360
285,0,405,360
285,0,405,360
286,0,406,360
286,0,406,360
286,0,406,360
286,0,406,360
286,0,406,360
286,0,406,360
286,0,406,360
286,0,406,360
286,0,406,360
286,0,406,360
286,0,406,360
286,0,406,360
286,0,406,360
286,0,406,360
286,0,406,360
286,0,406,360
287,0,407,360
287,0,407,360
287,0,407,360
287,0,407,360
288,0,408,360
288,0,408,360
288,0,408,360
288,0,408,360
288,0,408,360
288,0,408,360
288,0,408,360
288,0,408,360
288,0,408,360
288,0,408,360
289,0,409,360
289,0,409,360
290,0,410,360
292,0,412,360
293,0,413,360
295,0,415,360
297,0,417,360
299,0,419,360
300,0,420,360
301,0,421,360
301,0,421,360
299,0,419,360
297,0,417,360
292,0,412,360
287,0,407,360
280,0,400,360
271,0,391,360
261,0,381,360
251,0,371,360
239,0,359,360
227,0,347,360
215,0,335,360
203,0,323,360
192,0,312,360
181,0,301,360
171,0,291,360
163,0,283,360
155,0,275,360
149,0,269,360
145,0,265,360
142,0,262,360
140,0,260,360
139,0,259,360
140,0,260,360
143,0,263,360
146,0,266,360
151,0,271,360
158,0,278,360
165,0,285,360
174,0,294,360
184,0,304,360
194,0,314,360
206,0,326,360
217,0,337,360
229,0,349,360
240,0,360,360
251,0,371,360
261,0,381,360
270,0,390,360
278,0,398,360
285,0,405,360
291,0,411,360
295,0,415,360
298,0,418,360
300,0,420,360
300,0,420,360
300,0,420,360
299,0,419,360
297,0,417,360
295,0,415,360
293,0,413,360
290,0,410,360
287,0,407,360
283,0,403,360
280,0,400,360
276,0,396,360
272,0,392,360
268,0,388,360
263,0,383,360
258,0,378,360
253,0,373,360
247,0,367,360
241,0,361,360
235,0,355,360
228,0,348,360
221,0,341,360
214,0,334,360
207,0,327,360
201,0,321,360
195,0,315,360
189,0,309,360
185,0,305,360
181,0,301,360
178,0,298,360
176,0,296,360
175,0,295,360
175,0,295,360
177,0,297,360
179,0,299,360
181,0,301,360
185,0,305,360
189,0,309,360
194,0,314,360
199,0,319,360
204,0,324,360
209,0,329,360
215,0,335,360
220,0,340,360
225,0,345,360
230,0,350,360
234,0,354,360
238,0,358,360
241,0,361,360
244,0,364,360
247,0,367,360
248,0,368,360
250,0,370,360
250,0,370,360
250,0,370,360
249,0,369,360
248,0,368,360
247,0,367,360
245,0,365,360
242,0,362,360
240,0,360,360
237,0,357,360
235,0,355,360
232,0,352,360
230,0,350,360
228,0,348,360
226,0,346,360
224,0,344,360
223,0,343,360
222,0,342,360
221,0,341,360
221,0,341,360
220,0,340,360
219,0,339,360
219,0,339,360
218,0,338,360
218,0,338,360
217,0,337,360
217,0,337,360
217,0,337,360
216,0,336,360
216,0,336,360
215,0,335,360
215,0,335,360
215,0,335,360
214,0,334,360
214,0,334,360
213,0,333,360
212,0,332,360
211,0,331,360
210,0,330,360
209,0,329,360
207,0,327,360
206,0,326,360
205,0,325,360
204,0,324,360
204,0,324,360
204,0,324,360
204,0,324,360
205,0,325,360
206,0,326,360
208,0,328,360
210,0,330,360
213,0,333,360
215,0,335,360
218,0,338,360
221,0,341,360
224,0,344,360
227,0,347,360
229,0,349,360
230,0,350,360
232,0,352,360
233,0,353,360
233,0,353,360
233,0,353,360
232,0,352,360
231,0,351,360
230,0,350,360
229,0,349,360
227,0,347,360
225,0,345,360
223,0,343,360
221,0,341,360
219,0,339,360
216,0,336,360
214,0,334,360
211,0,331,360
208,0,328,360
204,0,324,360
201,0,321,360
197,0,317,360
194,0,314,360
190,0,310,360
187,0,307,360
185,0,305,360
183,0,303,360
182,0,302,360
181,0,301,360
181,0,301,360
182,0,302,360
184,0,304,360
187,0,307,360
190,0,310,360
194,0,314,360
198,0,318,360
202,0,322,360
207,0,327,360
212,0,332,360
217,0,337,360
223,0,343,360
229,0,349,360
234,0,354,360
240,0,360,360
246,0,366,360
252,0,372,360
257,0,377,360
262,0,382,360
267,0,387,360
271,0,391,360
274,0,394,360
276,0,396,360
278,0,398,360
279,0,399,360
280,0,400,360
280,0,400,360
279,0,399,360
279,0,399,360
278,0,398,360
277,0,397,360
277,0,397,360
276,0,396,360
276,0,396,360
276,0,396,360
275,0,395,360
275,0,395,360
274,0,394,360
274,0,394,360
273,0,393,360
271,0,391,360
270,0,390,360
268,0,388,360
266,0,386,360
263,0,383,360
260,0,380,360
257,0,377,360
254,0,374,360
251,0,371,360
247,0,367,360
243,0,363,360
239,0,359,360
235,0,355,360
230,0,350,360
225,0,345,360
220,0,340,360
215,0,335,360
210,0,330,360
204,0,324,360
199,0,319,360
194,0,314,360
189,0,309,360
185,0,305,360
181,0,301,360
178,0,298,360
175,0,295,360
174,0,294,360
173,0,293,360
173,0,293,360
175,0,295,360
176,0,296,360
179,0,299,360
182,0,302,360
186,0,306,360
189,0,309,360
193,0,313,360
198,0,318,360
202,0,322,360
206,0,326,360
210,0,330,360
215,0,335,360
220,0,340,360
224,0,344,360
229,0,349,360
234,0,354,360
240,0,360,360
245,0,365,360
250,0,370,360
256,0,376,360
261,0,381,360
265,0,385,360
270,0,390,360
274,0,394,360
277,0,397,360
279,0,399,360
281,0,401,360
282,0,402,360
282,0,402,360
281,0,401,360
279,0,399,360
277,0,397,360
274,0,394,360
271,0,391,360
267,0,387,360
263,0,383,360
258,0,378,360
254,0,374,360
250,0,370,360
245,0,365,360
241,0,361,360
238,0,358,360
235,0,355,360
232,0,352,360
229,0,349,360
228,0,348,360
227,0,347,360
226,0,346,360
227,0,347,360
228,0,348,360
231,0,351,360
234,0,354,360
238,0,358,360
244,0,364,360
250,0,370,360
257,0,377,360
264,0,384,360
272,0,392,360
281,0,401,360
289,0,409,360
297,0,417,360
305,0,425,360
312,0,432,360
319,0,439,360
324,0,444,360
329,0,449,360
333,0,453,360
336,0,456,360
339,0,459,360
340,0,460,360
341,0,461,360
341,0,461,360
340,0,460,360
339,0,459,360
337,0,457,360
334,0,454,360
331,0,451,360
328,0,448,360
324,0,444,360
319,0,439,360
314,0,434,360
309,0,429,360
304,0,424,360
299,0,419,360
294,0,414,360
289,0,409,360
284,0,404,360
280,0,400,360
277,0,397,360
274,0,394,360
272,0,392,360
270,0,390,360
269,0,389,360
268,0,388,360
268,0,388,360
268,0,388,360
268,0,388,360
269,0,389,360
270,0,390,360
271,0,391,360
272,0,392,360
273,0,393,360
274,0,394,360
275,0,395,360
276,0,396,360
277,0,397,360
278,0,398,360
279,0,399,360
280,0,400,360
281,0,401,360
281,0,401,360
282,0,402,360
283,0,403,360
284,0,404,360
285,0,405,360
285,0,405,360
286,0,406,360
287,0,407,360
287,0,407,360
287,0,407,360
288,0,408,360
288,0,408,360
288,0,408,360
288,0,408,360
288,0,408,360
288,0,408,360
288,0,408,360
288,0,408,360
287,0,407,360
287,0,407,360
287,0,407,360
286,0,406,360
286,0,406,360
285,0,405,360
284,0,404,360
284,0,404,360
283,0,403,360
283,0,403,360
282,0,402,360
282,0,402,360
281,0,401,360
281,0,401,360
281,0,401,360
280,0,400,360
280,0,400,360
280,0,400,360
279,0,399,360
279,0,399,360
279,0,399,360
278,0,398,360
278,0,398,360
278,0,398,360
277,0,397,360
277,0,397,360
277,0,397,360
277,0,397,360
277,0,397,360
276,0,396,360
276,0,396,360
276,0,396,360
276,0,396,360
276,0,396,360
276,0,396,360
276,0,396,360
276,0,396,360
276,0,396,360
277,0,397,360
277,0,397,360
277,0,397,360
277,0,397,360
277,0,397,360
277,0,397,360
278,0,398,360
278,0,398,360
279,0,399,360
279,0,399,360
280,0,400,360
281,0,401,360
282,0,402,360
284,0,404,360
285,0,405,360
287,0,407,360
288,0,408,360
289,0,409,360
290,0,410,360
291,0,411,360
291,0,411,360
291,0,411,360
290,0,410,360
289,0,409,360
287,0,407,360
285,0,405,360
283,0,403,360
280,0,400,360
278,0,398,360
275,0,395,360
272,0,392,360
268,0,388,360
265,0,385,360
261,0,381,360
257,0,377,360
253,0,373,360
249,0,369,360
245,0,365,360
241,0,361,360
237,0,357,360
233,0,353,360
229,0,349,360
226,0,346,360
223,0,343,360
221,0,341,360
219,0,339,360
217,0,337,360
216,0,336,360
216,0,336,360
217,0,337,360
218,0,338,360
220,0,340,360
222,0,342,360
224,0,344,360
227,0,347,360
230,0,350,360
233,0,353,360
236,0,356,360
239,0,359,360
242,0,362,360
245,0,365,360
247,0,367,360
249,0,369,360
250,0,370,360
251,0,371,360
252,0,372,360
253,0,373,360
253,0,373,360
253,0,373,360
252,0,372,360
252,0,372,360
251,0,371,360
250,0,370,360
249,0,369,360
248,0,368,360
247,0,367,360
246,0,366,360
245,0,365,360
244,0,364,360
243,0,363,360
242,0,362,360
242,0,362,360
241,0,361,360
241,0,361,360
241,0,361,360
242,0,362,360
242,0,362,360
243,0,363,360
244,0,364,360
245,0,365,360
246,0,366,360
248,0,368,360
250,0,370,360
252,0,372,360
253,0,373,360
255,0,375,360
257,0,377,360
259,0,379,360
260,0,380,360
261,0,381,360
262,0,382,360
262,0,382,360
262,0,382,360
262,0,382,360
261,0,381,360
260,0,380,360
259,0,379,360
258,0,378,360
257,0,377,360
256,0,376,360
255,0,375,360
254,0,374,360
254,0,374,360
253,0,373,360
253,0,373,360
253,0,373,360
253,0,373,360
254,0,374,360
254,0,374,360
254,0,374,360
255,0,375,360
255,0,375,360
256,0,376,360
256,0,376,360
257,0,377,360
257,0,377,360
258,0,378,360
259,0,379,360
260,0,380,360
260,0,380,360
261,0,381,360
262,0,382,360
263,0,383,360
264,0,384,360
265,0,385,360
266,0,386,360
267,0,387,360
269,0,389,360
270,0,390,360
271,0,391,360
273,0,393,360
274,0,394,360
276,0,396,360
277,0,397,360
